HEADER "0-ALL!P" not followed by a proline
HEADER "1-ALLP"      followed by a proline
HEADER "2-GLY!P"
HEADER "3-GLYP"
HEADER "3-GLYP"
HEADER "4-PRO!P"
HEADER "5-PROP"
HEADER "6-VI!P"
HEADER "7-VIP"
HEADER "8-DN!P"
HEADER "9-DNP"
HEADER "10-ST!P"
HEADER "11-STP"
HEADER "12-EQ!P"
HEADER "13-EQP"
HEADER "14-LA!P"
HEADER "15-LAP"
0 0 0   0.000   0.000   0.000   0.000
0 0 1   0.000   0.000   0.000   0.000
0 0 2   0.000   0.000   0.000   0.000
0 0 3   0.000   0.000   0.000   0.000
0 0 4   0.000   0.000   0.000   0.000
0 0 5   0.000   0.000   0.000   0.000
0 0 6   0.000   0.000   0.000   0.000
0 0 7   0.000   0.000   0.000   0.000
0 0 8   0.000   0.000   0.000   0.000
0 0 9   0.000   0.000   0.000   0.000
0 0 10   0.000   0.000   0.000   0.000
0 0 11   0.000   0.000   0.000   0.000
0 0 12   0.000   0.000   0.000   0.000
0 0 13   0.000   0.000   0.000   0.000
0 0 14   0.000   0.000   0.000   0.000
0 0 15   0.000   0.000   0.000   0.000
0 1 0  -0.196   0.567   0.000   0.000
0 1 1  -0.948   0.854   0.000   0.000
0 1 2  -0.563   0.021   0.000   0.000
0 1 3  -1.438   0.100   0.000   0.000
0 1 4  -0.067   0.409   0.000   0.000
0 1 5  -0.332   0.336   0.000   0.000
0 1 6  -0.089   0.591   0.000   0.000
0 1 7  -0.428   0.809   0.000   0.000
0 1 8   0.026   0.729   0.000   0.000
0 1 9  -0.541   1.149   0.000   0.000
0 1 10  -0.156   0.484   0.000   0.000
0 1 11  -0.607   0.948   0.000   0.000
0 1 12  -0.003   0.695   0.000   0.000
0 1 13  -0.585   0.962   0.000   0.000
0 1 14  -0.059   0.765   0.000   0.000
0 1 15  -0.492   1.034   0.000   0.000
0 2 0   0.690  -0.393   0.000   0.000
0 2 1   0.106  -0.775   0.000   0.000
0 2 2   1.043   0.004   0.000   0.000
0 2 3   0.501  -0.142   0.000   0.000
0 2 4   0.203  -0.325   0.000   0.000
0 2 5   0.087  -0.727   0.000   0.000
0 2 6   0.327  -0.783   0.000   0.000
0 2 7  -0.130  -0.997   0.000   0.000
0 2 8   0.377  -0.358   0.000   0.000
0 2 9  -0.281  -0.881   0.000   0.000
0 2 10   0.579  -0.577   0.000   0.000
0 2 11   0.133  -1.172   0.000   0.000
0 2 12   0.391  -0.537   0.000   0.000
0 2 13  -0.229  -0.962   0.000   0.000
0 2 14   0.426  -0.551   0.000   0.000
0 2 15  -0.254  -0.968   0.000   0.000
0 3 0   0.088   0.128   0.000   0.000
0 3 1  -0.557  -0.054   0.000   0.000
0 3 2   0.091   0.086   0.000   0.000
0 3 3  -1.000  -0.027   0.000   0.000
0 3 4   0.193   0.084   0.000   0.000
0 3 5  -0.212   0.070   0.000   0.000
0 3 6   0.085   0.146   0.000   0.000
0 3 7  -0.187  -0.053   0.000   0.000
0 3 8   0.015   0.094   0.000   0.000
0 3 9  -0.342  -0.089   0.000   0.000
0 3 10   0.045   0.242   0.000   0.000
0 3 11  -0.286   0.216   0.000   0.000
0 3 12   0.093   0.287   0.000   0.000
0 3 13  -0.382   0.098   0.000   0.000
0 3 14   0.089   0.315   0.000   0.000
0 3 15  -0.441   0.123   0.000   0.000
0 4 0  -0.042   0.084   0.000   0.000
0 4 1   0.082  -0.080   0.000   0.000
0 4 2  -0.098   0.036   0.000   0.000
0 4 3   0.144   0.088   0.000   0.000
0 4 4  -0.093  -0.047   0.000   0.000
0 4 5   0.088  -0.154   0.000   0.000
0 4 6  -0.205   0.199   0.000   0.000
0 4 7  -0.129   0.365   0.000   0.000
0 4 8   0.034   0.112   0.000   0.000
0 4 9   0.043   0.091   0.000   0.000
0 4 10  -0.015   0.074   0.000   0.000
0 4 11   0.069  -0.152   0.000   0.000
0 4 12  -0.132   0.033   0.000   0.000
0 4 13  -0.133  -0.308   0.000   0.000
0 4 14  -0.088   0.002   0.000   0.000
0 4 15  -0.047  -0.350   0.000   0.000
1 0 0  -0.588   0.000  -0.993   0.000
1 0 1  -0.563   0.000  -0.825   0.000
1 0 2  -0.807   0.000   0.060   0.000
1 0 3  -0.886   0.000  -0.141   0.000
1 0 4   0.267   0.000  -1.123   0.000
1 0 5   0.181   0.000  -0.747   0.000
1 0 6  -0.432   0.000  -1.464   0.000
1 0 7  -0.218   0.000  -1.104   0.000
1 0 8  -0.527   0.000  -1.453   0.000
1 0 9  -0.525   0.000  -1.119   0.000
1 0 10  -0.528   0.000  -1.413   0.000
1 0 11  -0.357   0.000  -1.127   0.000
1 0 12  -0.438   0.000  -1.370   0.000
1 0 13  -0.528   0.000  -1.049   0.000
1 0 14  -0.515   0.000  -1.401   0.000
1 0 15  -0.405   0.000  -1.128   0.000
1 1 0   0.388  -0.172   0.066  -0.495
1 1 1   0.539  -0.491   0.321  -0.726
1 1 2   0.663  -0.114   0.218  -0.146
1 1 3   0.718  -0.348  -0.113  -0.252
1 1 4   0.004   0.063   0.044  -0.483
1 1 5  -0.024   0.018   0.447  -0.418
1 1 6   0.170  -0.148  -0.014  -0.436
1 1 7   0.240  -0.345   0.626  -0.689
1 1 8   0.171  -0.273   0.066  -0.616
1 1 9   0.429  -0.620   0.704  -0.839
1 1 10   0.308  -0.172   0.096  -0.335
1 1 11   0.487  -0.413   0.493  -0.671
1 1 12   0.222  -0.185   0.012  -0.412
1 1 13   0.401  -0.535   0.722  -0.642
1 1 14   0.244  -0.193   0.082  -0.509
1 1 15   0.350  -0.544   0.582  -0.678
1 2 0  -0.263   0.224  -0.082   1.096
1 2 1  -0.156   0.161   0.176   1.282
1 2 2  -0.602   0.054   0.116   0.628
1 2 3  -0.399   0.042   0.259   0.613
1 2 4  -0.024  -0.225  -0.313   0.419
1 2 5   0.035  -0.247  -0.095   0.913
1 2 6  -0.113   0.273  -0.429   1.187
1 2 7   0.025   0.098  -0.161   1.251
1 2 8  -0.170   0.111  -0.384   0.905
1 2 9   0.075   0.067  -0.184   1.264
1 2 10  -0.290   0.257  -0.568   1.137
1 2 11  -0.214   0.201  -0.198   1.360
1 2 12  -0.151   0.303  -0.396   1.140
1 2 13  -0.004   0.172  -0.115   1.321
1 2 14  -0.100   0.324  -0.337   1.090
1 2 15   0.004   0.157   0.003   1.313
1 3 0   0.072  -0.041   0.010   0.018
1 3 1   0.010  -0.165  -0.190  -0.007
1 3 2   0.098   0.033   0.172  -0.061
1 3 3   0.548  -0.003   0.349  -0.015
1 3 4   0.010  -0.041  -0.187  -0.058
1 3 5  -0.196  -0.195   0.155  -0.206
1 3 6  -0.070  -0.124  -0.108   0.118
1 3 7  -0.192  -0.214   0.073  -0.160
1 3 8   0.113  -0.039   0.074   0.137
1 3 9  -0.031  -0.128  -0.264   0.060
1 3 10   0.046  -0.088  -0.016   0.049
1 3 11  -0.061  -0.241  -0.008   0.000
1 3 12  -0.001  -0.092  -0.032   0.107
1 3 13  -0.245  -0.122  -0.017  -0.062
1 3 14   0.019  -0.096  -0.014   0.049
1 3 15  -0.169  -0.240   0.132  -0.093
1 4 0  -0.240   0.094   0.219  -0.030
1 4 1  -0.484   0.264   0.122  -0.169
1 4 2  -0.229  -0.039   0.114  -0.028
1 4 3  -0.649   0.119   0.107  -0.278
1 4 4  -0.144   0.131   0.111   0.210
1 4 5   0.021   0.019   0.012   0.171
1 4 6  -0.124   0.127   0.362  -0.185
1 4 7  -0.357   0.157   0.243  -0.370
1 4 8  -0.260   0.013   0.015  -0.186
1 4 9  -0.324   0.192  -0.302  -0.618
1 4 10  -0.215   0.159   0.050  -0.050
1 4 11  -0.457   0.235  -0.186  -0.302
1 4 12  -0.222   0.192   0.179   0.011
1 4 13  -0.408   0.356  -0.085   0.044
1 4 14  -0.251   0.235   0.214   0.082
1 4 15  -0.398   0.431   0.006   0.094
2 0 0  -1.469   0.000   0.594   0.000
2 0 1  -0.688   0.000   0.407   0.000
2 0 2  -1.525   0.000   0.053   0.000
2 0 3  -0.891   0.000   0.112   0.000
2 0 4  -0.983   0.000  -0.653   0.000
2 0 5  -0.616   0.000  -0.537   0.000
2 0 6  -1.242   0.000   0.603   0.000
2 0 7  -0.774   0.000   0.464   0.000
2 0 8  -1.324   0.000   1.035   0.000
2 0 9  -0.328   0.000   0.543   0.000
2 0 10  -1.219   0.000   0.788   0.000
2 0 11  -0.520   0.000   0.502   0.000
2 0 12  -1.232   0.000   0.736   0.000
2 0 13  -0.420   0.000   0.449   0.000
2 0 14  -1.202   0.000   0.742   0.000
2 0 15  -0.543   0.000   0.458   0.000
2 1 0  -0.663  -0.108   0.007   0.303
2 1 1   0.508  -0.208  -0.101   0.689
2 1 2  -0.470   0.010  -0.235  -0.026
2 1 3   0.887   0.170  -0.043   0.118
2 1 4  -0.018  -0.489  -0.042  -0.089
2 1 5   0.436  -0.367   0.132  -0.090
2 1 6  -0.361  -0.084  -0.188   0.285
2 1 7   0.432  -0.546  -0.283   0.760
2 1 8  -0.679  -0.229   0.105   0.531
2 1 9   0.316  -0.096  -0.171   0.858
2 1 10  -0.553  -0.041  -0.137   0.239
2 1 11   0.293  -0.267  -0.203   0.847
2 1 12  -0.665  -0.110  -0.003   0.391
2 1 13   0.171  -0.256  -0.116   0.768
2 1 14  -0.642  -0.121  -0.031   0.366
2 1 15   0.242  -0.308  -0.085   0.842
2 2 0  -0.557   0.561  -0.040   0.423
2 2 1  -0.353   0.669  -0.389   0.658
2 2 2  -0.738   0.196  -0.166   0.696
2 2 3  -0.505   0.127  -0.155   1.186
2 2 4  -0.399   0.189  -0.080   0.531
2 2 5  -0.093   0.701  -0.065   0.630
2 2 6  -0.208   0.892   0.078  -0.041
2 2 7  -0.144   0.708  -0.192   0.176
2 2 8  -0.397   0.372   0.084   0.677
2 2 9  -0.319   0.807  -0.468   0.693
2 2 10  -0.513   0.675   0.191   0.368
2 2 11  -0.421   0.870  -0.128   0.435
2 2 12  -0.384   0.507   0.073   0.358
2 2 13  -0.135   0.657  -0.349   0.500
2 2 14  -0.349   0.504   0.089   0.287
2 2 15  -0.099   0.731  -0.279   0.491
2 3 0  -0.141   0.254   0.076   0.284
2 3 1   0.016  -0.067   0.030   0.149
2 3 2  -0.207   0.056   0.117   0.335
2 3 3   0.105  -0.078   0.497  -0.295
2 3 4  -0.129  -0.045   0.007   0.149
2 3 5   0.085  -0.385   0.304   0.208
2 3 6  -0.006   0.321   0.121   0.252
2 3 7  -0.018  -0.037   0.062   0.288
2 3 8  -0.037   0.204  -0.028   0.321
2 3 9  -0.170  -0.111  -0.609   0.106
2 3 10  -0.064   0.243   0.037   0.237
2 3 11   0.178  -0.028  -0.261   0.273
2 3 12  -0.051   0.263   0.032   0.336
2 3 13  -0.047  -0.092  -0.157   0.281
2 3 14  -0.080   0.269   0.073   0.306
2 3 15  -0.064   0.001  -0.090   0.283
2 4 0   0.222   0.068   0.185  -0.098
2 4 1  -0.015  -0.083   0.145  -0.610
2 4 2   0.106  -0.039  -0.029   0.017
2 4 3  -0.027   0.159   0.324  -0.371
2 4 4  -0.044   0.386   0.318   0.019
2 4 5  -0.072   0.204   0.090  -0.018
2 4 6   0.373  -0.208   0.343  -0.049
2 4 7   0.120  -0.117   0.610  -0.485
2 4 8   0.113  -0.003   0.381   0.020
2 4 9  -0.127  -0.463   0.173  -0.631
2 4 10   0.078   0.023   0.263  -0.078
2 4 11  -0.301  -0.101   0.305  -0.541
2 4 12   0.289   0.028   0.243  -0.147
2 4 13   0.109  -0.157   0.365  -0.698
2 4 14   0.314   0.001   0.355  -0.108
2 4 15   0.090  -0.107   0.392  -0.633
3 0 0  -0.426   0.000   0.094   0.000
3 0 1  -0.383   0.000  -0.032   0.000
3 0 2  -0.576   0.000  -0.068   0.000
3 0 3  -0.500   0.000   0.016   0.000
3 0 4  -0.954   0.000   0.545   0.000
3 0 5  -0.797   0.000   0.081   0.000
3 0 6   0.105   0.000   0.373   0.000
3 0 7   0.092   0.000   0.007   0.000
3 0 8  -0.719   0.000   0.289   0.000
3 0 9  -0.430   0.000  -0.134   0.000
3 0 10  -0.381   0.000   0.184   0.000
3 0 11  -0.165   0.000  -0.017   0.000
3 0 12  -0.422   0.000   0.296   0.000
3 0 13  -0.344   0.000   0.032   0.000
3 0 14  -0.375   0.000   0.294   0.000
3 0 15  -0.335   0.000   0.003   0.000
3 1 0  -0.224   0.042   0.090   0.047
3 1 1   0.157   0.187   0.017   0.002
3 1 2  -0.249   0.287  -0.192  -0.028
3 1 3   0.262   0.100  -0.068  -0.297
3 1 4  -0.123  -0.116   0.035   0.510
3 1 5   0.259  -0.144  -0.289   0.187
3 1 6  -0.231   0.169   0.342  -0.011
3 1 7  -0.186   0.484  -0.183   0.055
3 1 8  -0.458  -0.161   0.287   0.086
3 1 9  -0.038   0.011  -0.041   0.004
3 1 10  -0.170  -0.007   0.267  -0.024
3 1 11   0.204   0.290   0.053   0.128
3 1 12  -0.356  -0.020   0.334  -0.021
3 1 13   0.103   0.164  -0.064   0.021
3 1 14  -0.315   0.016   0.355   0.026
3 1 15   0.116   0.107  -0.013   0.038
3 2 0  -0.225   0.060  -0.188   0.099
3 2 1  -0.239   0.438   0.131  -0.034
3 2 2  -0.376  -0.031  -0.173   0.267
3 2 3  -0.320   0.243   0.072   0.213
3 2 4  -0.283   0.639   0.315   0.333
3 2 5  -0.096   0.879   0.108  -0.082
3 2 6   0.025   0.193  -0.012  -0.203
3 2 7  -0.100   0.396   0.254  -0.154
3 2 8  -0.294  -0.071  -0.056   0.113
3 2 9  -0.062   0.570   0.288  -0.103
3 2 10  -0.205   0.182   0.062  -0.033
3 2 11  -0.338   0.638   0.287  -0.198
3 2 12  -0.257   0.098   0.007   0.053
3 2 13  -0.145   0.454   0.029  -0.134
3 2 14  -0.287   0.239  -0.007   0.025
3 2 15  -0.246   0.558   0.202  -0.075
3 3 0   0.361   0.081  -0.115  -0.072
3 3 1   0.295   0.200   0.127   0.057
3 3 2   0.405   0.081   0.076  -0.085
3 3 3   0.496   0.226   0.208  -0.131
3 3 4   0.042   0.236   0.053   0.120
3 3 5   0.351   0.030  -0.094   0.468
3 3 6   0.300   0.231   0.152  -0.186
3 3 7   0.101   0.348   0.386   0.034
3 3 8   0.260  -0.064  -0.106  -0.082
3 3 9   0.155   0.108  -0.019   0.218
3 3 10   0.279   0.052   0.009  -0.103
3 3 11   0.183  -0.028  -0.088   0.048
3 3 12   0.253   0.012  -0.020  -0.145
3 3 13   0.327   0.182   0.094   0.055
3 3 14   0.305   0.069   0.061  -0.158
3 3 15   0.298   0.096   0.100   0.095
3 4 0   0.521   0.044  -0.098  -0.049
3 4 1   0.464  -0.027   0.068   0.024
3 4 2   0.386   0.079   0.037   0.011
3 4 3   0.310   0.219   0.137  -0.035
3 4 4   0.333   0.330   0.391  -0.334
3 4 5   0.151   0.025   0.450  -0.266
3 4 6   0.536   0.139  -0.033   0.026
3 4 7   0.578  -0.346  -0.077   0.279
3 4 8   0.539   0.085  -0.138  -0.224
3 4 9   0.429   0.116   0.121  -0.204
3 4 10   0.398   0.106  -0.008  -0.115
3 4 11   0.342   0.132   0.148   0.052
3 4 12   0.565   0.011  -0.055  -0.166
3 4 13   0.621   0.054   0.238  -0.095
3 4 14   0.520   0.020  -0.069  -0.104
3 4 15   0.495   0.039   0.105  -0.008
4 0 0  -0.295   0.000   0.179   0.000
4 0 1  -0.491   0.000  -0.006   0.000
4 0 2   0.096   0.000   0.020   0.000
4 0 3  -0.222   0.000  -0.166   0.000
4 0 4  -0.103   0.000   0.905   0.000
4 0 5  -0.774   0.000   0.665   0.000
4 0 6  -0.662   0.000   0.230   0.000
4 0 7  -0.762   0.000   0.191   0.000
4 0 8  -0.263   0.000   0.304   0.000
4 0 9  -0.428   0.000   0.207   0.000
4 0 10  -0.538   0.000   0.225   0.000
4 0 11  -0.754   0.000   0.184   0.000
4 0 12  -0.435   0.000   0.159   0.000
4 0 13  -0.585   0.000   0.152   0.000
4 0 14  -0.370   0.000   0.280   0.000
4 0 15  -0.484   0.000   0.073   0.000
4 1 0  -0.156   0.116   0.104   0.013
4 1 1  -0.278  -0.336  -0.026  -0.062
4 1 2   0.026   0.162   0.107  -0.036
4 1 3  -0.424   0.451   0.160   0.211
4 1 4  -0.030   0.554   0.157   0.172
4 1 5   0.020  -0.123  -0.323   0.106
4 1 6  -0.073   0.064   0.038   0.075
4 1 7   0.065  -0.507  -0.173  -0.275
4 1 8  -0.288   0.175  -0.148   0.069
4 1 9  -0.242  -0.230  -0.268  -0.238
4 1 10  -0.300   0.130  -0.017  -0.042
4 1 11  -0.085  -0.357  -0.220  -0.007
4 1 12  -0.319   0.178  -0.036  -0.032
4 1 13  -0.314  -0.493  -0.205  -0.100
4 1 14  -0.272   0.256   0.053  -0.097
4 1 15  -0.200  -0.279  -0.175  -0.218
4 2 0   0.041   0.388   0.126  -0.666
4 2 1   0.424   0.044   0.286  -0.580
4 2 2   0.115   0.083   0.055  -0.714
4 2 3   0.271   0.170   0.291  -0.492
4 2 4  -0.009   1.009   0.387  -0.351
4 2 5   0.144   0.849   0.148  -0.706
4 2 6  -0.281   0.596   0.156  -0.443
4 2 7   0.318   0.310   0.439  -0.613
4 2 8   0.039   0.160   0.134  -0.653
4 2 9   0.291  -0.248   0.631  -0.577
4 2 10  -0.067   0.307   0.275  -0.502
4 2 11   0.440  -0.321   0.310  -0.455
4 2 12  -0.068   0.287   0.175  -0.686
4 2 13   0.371  -0.107   0.321  -0.294
4 2 14  -0.059   0.401   0.157  -0.670
4 2 15   0.331  -0.008   0.341  -0.525
4 3 0   0.361   0.136  -0.371  -0.341
4 3 1   0.510   0.045  -0.162  -0.017
4 3 2   0.275  -0.044  -0.315  -0.381
4 3 3   0.608  -0.217  -0.276  -0.153
4 3 4   0.002   0.260  -0.145  -0.266
4 3 5  -0.240   0.300  -0.409   0.243
4 3 6   0.350   0.294  -0.320  -0.338
4 3 7   0.548  -0.064  -0.191   0.069
4 3 8   0.295   0.133  -0.336  -0.565
4 3 9   0.453   0.066  -0.142  -0.135
4 3 10   0.241   0.181  -0.350  -0.281
4 3 11   0.599   0.172  -0.221  -0.108
4 3 12   0.349   0.294  -0.333  -0.448
4 3 13   0.575   0.206  -0.043  -0.110
4 3 14   0.347   0.304  -0.467  -0.455
4 3 15   0.482   0.169  -0.173  -0.129
4 4 0   0.874   0.026  -0.015  -0.317
4 4 1   0.743   0.376  -0.089  -0.193
4 4 2   0.653   0.024  -0.204  -0.298
4 4 3   0.640   0.095  -0.116   0.116
4 4 4   0.826   0.016  -0.020  -0.567
4 4 5   1.089  -0.332   0.074  -0.134
4 4 6   0.671  -0.083  -0.279  -0.260
4 4 7   0.321   0.393  -0.336  -0.141
4 4 8   0.976   0.104   0.124  -0.203
4 4 9   0.987   0.369   0.100  -0.136
4 4 10   0.731   0.057   0.087  -0.262
4 4 11   0.747   0.339  -0.088  -0.164
4 4 12   0.904   0.038  -0.082  -0.265
4 4 13   0.790   0.271  -0.076  -0.039
4 4 14   0.938  -0.081  -0.062  -0.247
4 4 15   0.852   0.266  -0.079  -0.209
