# Table name/description: "Top500 Trp B<40"
# Number of dimensions: 2
# For each dimension, 1 to 2: lower_bound  upper_bound  number_of_bins  wrapping
#   x1: 0.0 360.0 72 true
#   x2: 0.0 360.0 72 true
# List of table coordinates and values. (Value is last number on each line.)
22.5 82.5 6.397952655150352E-4
22.5 87.5 6.397952655150352E-4
22.5 92.5 0.0012795905310300703
22.5 97.5 6.397952655150352E-4
22.5 102.5 6.397952655150352E-4
22.5 247.5 6.397952655150352E-4
22.5 252.5 0.0012795905310300703
22.5 257.5 0.0012795905310300703
22.5 262.5 0.0012795905310300703
22.5 267.5 0.0012795905310300703
27.5 67.5 6.397952655150352E-4
27.5 72.5 0.0012795905310300703
27.5 77.5 0.0019193857965451055
27.5 82.5 0.005758157389635317
27.5 87.5 0.007037747920665387
27.5 92.5 0.007037747920665387
27.5 97.5 0.005758157389635317
27.5 102.5 0.005118362124120281
27.5 107.5 0.0012795905310300703
27.5 112.5 6.397952655150352E-4
27.5 242.5 0.0012795905310300703
27.5 247.5 0.005758157389635317
27.5 252.5 0.007677543186180422
27.5 257.5 0.008957133717210493
27.5 262.5 0.008317338451695458
27.5 267.5 0.007037747920665387
27.5 272.5 0.003838771593090211
27.5 277.5 0.0012795905310300703
27.5 282.5 6.397952655150352E-4
32.5 52.5 6.397952655150352E-4
32.5 57.5 0.0012795905310300703
32.5 62.5 0.0012795905310300703
32.5 67.5 0.003198976327575176
32.5 72.5 0.007037747920665387
32.5 77.5 0.010236724248240563
32.5 82.5 0.01215611004478567
32.5 87.5 0.01599488163787588
32.5 92.5 0.016634676903390915
32.5 97.5 0.012795905310300703
32.5 102.5 0.011516314779270634
32.5 107.5 0.007037747920665387
32.5 112.5 0.0019193857965451055
32.5 117.5 6.397952655150352E-4
32.5 237.5 0.0012795905310300703
32.5 242.5 0.005758157389635317
32.5 247.5 0.011516314779270634
32.5 252.5 0.019193857965451054
32.5 257.5 0.02495201535508637
32.5 262.5 0.028790786948176585
32.5 267.5 0.02431222008957134
32.5 272.5 0.01727447216890595
32.5 277.5 0.011516314779270634
32.5 282.5 0.005758157389635317
32.5 287.5 0.0019193857965451055
32.5 292.5 6.397952655150352E-4
37.5 42.5 6.397952655150352E-4
37.5 47.5 0.0012795905310300703
37.5 52.5 0.0019193857965451055
37.5 57.5 0.005758157389635317
37.5 62.5 0.005758157389635317
37.5 67.5 0.008957133717210493
37.5 72.5 0.01215611004478567
37.5 77.5 0.023672424824056303
37.5 82.5 0.044785668586052464
37.5 87.5 0.05502239283429303
37.5 92.5 0.05438259756877799
37.5 97.5 0.04350607805502239
37.5 102.5 0.023672424824056303
37.5 107.5 0.01215611004478567
37.5 112.5 0.007677543186180422
37.5 117.5 0.0019193857965451055
37.5 122.5 6.397952655150352E-4
37.5 237.5 0.005118362124120281
37.5 242.5 0.011516314779270634
37.5 247.5 0.025591810620601407
37.5 252.5 0.04926423544465771
37.5 257.5 0.06973768394113884
37.5 262.5 0.08765195137555983
37.5 267.5 0.09213051823416507
37.5 272.5 0.07229686500319897
37.5 277.5 0.04734484964811261
37.5 282.5 0.01983365323096609
37.5 287.5 0.011516314779270634
37.5 292.5 0.005758157389635317
37.5 297.5 0.0012795905310300703
37.5 302.5 6.397952655150352E-4
42.5 2.5 6.397952655150352E-4
42.5 7.5 6.397952655150352E-4
42.5 12.5 6.397952655150352E-4
42.5 17.5 6.397952655150352E-4
42.5 22.5 6.397952655150352E-4
42.5 27.5 6.397952655150352E-4
42.5 32.5 6.397952655150352E-4
42.5 37.5 0.0012795905310300703
42.5 42.5 0.0012795905310300703
42.5 47.5 0.003198976327575176
42.5 52.5 0.005758157389635317
42.5 57.5 0.008317338451695458
42.5 62.5 0.011516314779270634
42.5 67.5 0.014075495841330775
42.5 72.5 0.028790786948176585
42.5 77.5 0.061420345489443376
42.5 82.5 0.10620601407549585
42.5 87.5 0.1362763915547025
42.5 92.5 0.13179782469609724
42.5 97.5 0.09596928982725528
42.5 102.5 0.05502239283429303
42.5 107.5 0.023672424824056303
42.5 112.5 0.011516314779270634
42.5 117.5 0.005758157389635317
42.5 122.5 0.0012795905310300703
42.5 232.5 6.397952655150352E-4
42.5 237.5 0.007677543186180422
42.5 242.5 0.01983365323096609
42.5 247.5 0.05054382597568778
42.5 252.5 0.08637236084452975
42.5 257.5 0.16634676903390916
42.5 262.5 0.2507997440818938
42.5 267.5 0.2763915547024952
42.5 272.5 0.22456813819577734
42.5 277.5 0.13307741522712732
42.5 282.5 0.06781829814459372
42.5 287.5 0.03326935380678183
42.5 292.5 0.014075495841330775
42.5 297.5 0.008957133717210493
42.5 302.5 0.005758157389635317
42.5 307.5 0.0012795905310300703
42.5 357.5 6.397952655150352E-4
47.5 2.5 0.0012795905310300703
47.5 7.5 0.0012795905310300703
47.5 12.5 0.0012795905310300703
47.5 17.5 0.0012795905310300703
47.5 22.5 0.0012795905310300703
47.5 27.5 0.0012795905310300703
47.5 32.5 0.0012795905310300703
47.5 37.5 0.0019193857965451055
47.5 42.5 0.003838771593090211
47.5 47.5 0.006397952655150352
47.5 52.5 0.008957133717210493
47.5 57.5 0.011516314779270634
47.5 62.5 0.013435700575815739
47.5 67.5 0.023672424824056303
47.5 72.5 0.05566218809980806
47.5 77.5 0.12028150991682661
47.5 82.5 0.21497120921305182
47.5 87.5 0.2821497120921305
47.5 92.5 0.2802303262955854
47.5 97.5 0.20985284708893154
47.5 102.5 0.10940499040307101
47.5 107.5 0.05118362124120281
47.5 112.5 0.019193857965451054
47.5 117.5 0.008317338451695458
47.5 122.5 0.0012795905310300703
47.5 232.5 0.0012795905310300703
47.5 237.5 0.011516314779270634
47.5 242.5 0.03134996801023673
47.5 247.5 0.06973768394113884
47.5 252.5 0.1548304542546385
47.5 257.5 0.3314139475367882
47.5 262.5 0.46705054382597566
47.5 267.5 0.5188739603326935
47.5 272.5 0.4619321817018554
47.5 277.5 0.31925783749200254
47.5 282.5 0.15355086372360843
47.5 287.5 0.07229686500319897
47.5 292.5 0.037747920665387076
47.5 297.5 0.018554062699936022
47.5 302.5 0.011516314779270634
47.5 307.5 0.005758157389635317
47.5 312.5 0.0012795905310300703
47.5 317.5 0.0012795905310300703
47.5 322.5 6.397952655150352E-4
47.5 327.5 6.397952655150352E-4
47.5 332.5 6.397952655150352E-4
47.5 337.5 6.397952655150352E-4
47.5 342.5 6.397952655150352E-4
47.5 347.5 0.0012795905310300703
47.5 352.5 0.0012795905310300703
47.5 357.5 0.0012795905310300703
52.5 2.5 0.0019193857965451055
52.5 7.5 0.0019193857965451055
52.5 12.5 0.0019193857965451055
52.5 17.5 0.0019193857965451055
52.5 22.5 0.0019193857965451055
52.5 27.5 0.0019193857965451055
52.5 32.5 0.0019193857965451055
52.5 37.5 0.003838771593090211
52.5 42.5 0.005758157389635317
52.5 47.5 0.008317338451695458
52.5 52.5 0.011516314779270634
52.5 57.5 0.012795905310300703
52.5 62.5 0.019193857965451054
52.5 67.5 0.03582853486884197
52.5 72.5 0.07741522712731926
52.5 77.5 0.19385796545105566
52.5 82.5 0.33589251439539347
52.5 87.5 0.4152271273192578
52.5 92.5 0.419065898912348
52.5 97.5 0.3378119001919386
52.5 102.5 0.19769673704414586
52.5 107.5 0.07549584133077415
52.5 112.5 0.030070377479206652
52.5 117.5 0.011516314779270634
52.5 122.5 0.0019193857965451055
52.5 232.5 0.0012795905310300703
52.5 237.5 0.011516314779270634
52.5 242.5 0.037747920665387076
52.5 247.5 0.08509277031349968
52.5 252.5 0.2271273192578375
52.5 257.5 0.45297504798464494
52.5 262.5 0.6026871401151631
52.5 267.5 0.6487523992322457
52.5 272.5 0.6103646833013435
52.5 277.5 0.472808701215611
52.5 282.5 0.2655150351887396
52.5 287.5 0.13051823416506717
52.5 292.5 0.06653870761356366
52.5 297.5 0.03582853486884197
52.5 302.5 0.01727447216890595
52.5 307.5 0.011516314779270634
52.5 312.5 0.005758157389635317
52.5 317.5 0.0019193857965451055
52.5 322.5 0.0012795905310300703
52.5 327.5 0.0012795905310300703
52.5 332.5 0.0012795905310300703
52.5 337.5 0.0012795905310300703
52.5 342.5 0.0012795905310300703
52.5 347.5 0.0012795905310300703
52.5 352.5 0.0012795905310300703
52.5 357.5 0.0019193857965451055
57.5 2.5 0.003198976327575176
57.5 7.5 0.003198976327575176
57.5 12.5 0.003838771593090211
57.5 17.5 0.003198976327575176
57.5 22.5 0.003198976327575176
57.5 27.5 0.0025591810620601407
57.5 32.5 0.003198976327575176
57.5 37.5 0.005758157389635317
57.5 42.5 0.007037747920665387
57.5 47.5 0.010236724248240563
57.5 52.5 0.011516314779270634
57.5 57.5 0.01471529110684581
57.5 62.5 0.01983365323096609
57.5 67.5 0.04286628278950736
57.5 72.5 0.09213051823416507
57.5 77.5 0.2290467050543826
57.5 82.5 0.3889955214331414
57.5 87.5 0.49392194497760716
57.5 92.5 0.4971209213051823
57.5 97.5 0.40626999360204735
57.5 102.5 0.2578374920025592
57.5 107.5 0.10684580934101087
57.5 112.5 0.044785668586052464
57.5 117.5 0.012795905310300703
57.5 122.5 0.005758157389635317
57.5 127.5 6.397952655150352E-4
57.5 232.5 6.397952655150352E-4
57.5 237.5 0.010236724248240563
57.5 242.5 0.036468330134357005
57.5 247.5 0.09085092770313499
57.5 252.5 0.2559181062060141
57.5 257.5 0.5047984644913628
57.5 262.5 0.6525911708253359
57.5 267.5 0.708893154190659
57.5 272.5 0.6775431861804223
57.5 277.5 0.5585412667946257
57.5 282.5 0.34037108125399873
57.5 287.5 0.17978246960972488
57.5 292.5 0.09213051823416507
57.5 297.5 0.05182341650671785
57.5 302.5 0.02495201535508637
57.5 307.5 0.014075495841330775
57.5 312.5 0.010236724248240563
57.5 317.5 0.005758157389635317
57.5 322.5 0.0019193857965451055
57.5 327.5 0.0019193857965451055
57.5 332.5 0.0019193857965451055
57.5 337.5 0.0019193857965451055
57.5 342.5 0.0019193857965451055
57.5 347.5 0.0019193857965451055
57.5 352.5 0.0025591810620601407
57.5 357.5 0.003198976327575176
62.5 2.5 0.005758157389635317
62.5 7.5 0.005758157389635317
62.5 12.5 0.005758157389635317
62.5 17.5 0.005118362124120281
62.5 22.5 0.003198976327575176
62.5 27.5 0.003198976327575176
62.5 32.5 0.004478566858605247
62.5 37.5 0.005758157389635317
62.5 42.5 0.007037747920665387
62.5 47.5 0.010236724248240563
62.5 52.5 0.01215611004478567
62.5 57.5 0.016634676903390915
62.5 62.5 0.02111324376199616
62.5 67.5 0.04030710172744722
62.5 72.5 0.0818937939859245
62.5 77.5 0.2124120281509917
62.5 82.5 0.3666026871401152
62.5 87.5 0.4708893154190659
62.5 92.5 0.4856046065259117
62.5 97.5 0.399872040946897
62.5 102.5 0.2597568777991043
62.5 107.5 0.11708253358925144
62.5 112.5 0.05118362124120281
62.5 117.5 0.015355086372360844
62.5 122.5 0.005758157389635317
62.5 127.5 6.397952655150352E-4
62.5 237.5 0.007037747920665387
62.5 242.5 0.02815099168266155
62.5 247.5 0.08061420345489444
62.5 252.5 0.22456813819577734
62.5 257.5 0.46833013435700577
62.5 262.5 0.6308381317978247
62.5 267.5 0.6960972488803583
62.5 272.5 0.6621880998080614
62.5 277.5 0.5598208573256558
62.5 282.5 0.35956493921944976
62.5 287.5 0.2034548944337812
62.5 292.5 0.10684580934101087
62.5 297.5 0.05886116442738324
62.5 302.5 0.0345489443378119
62.5 307.5 0.019193857965451054
62.5 312.5 0.011516314779270634
62.5 317.5 0.007037747920665387
62.5 322.5 0.005758157389635317
62.5 327.5 0.0025591810620601407
62.5 332.5 0.0019193857965451055
62.5 337.5 0.0019193857965451055
62.5 342.5 0.003198976327575176
62.5 347.5 0.003838771593090211
62.5 352.5 0.005118362124120281
62.5 357.5 0.005758157389635317
67.5 2.5 0.004478566858605247
67.5 7.5 0.004478566858605247
67.5 12.5 0.004478566858605247
67.5 17.5 0.003198976327575176
67.5 22.5 0.0025591810620601407
67.5 27.5 0.0019193857965451055
67.5 32.5 0.003198976327575176
67.5 37.5 0.005758157389635317
67.5 42.5 0.007037747920665387
67.5 47.5 0.010236724248240563
67.5 52.5 0.011516314779270634
67.5 57.5 0.01471529110684581
67.5 62.5 0.019193857965451054
67.5 67.5 0.03390914907229686
67.5 72.5 0.06269993602047345
67.5 77.5 0.14779270633397312
67.5 82.5 0.28087012156110047
67.5 87.5 0.37172104926423544
67.5 92.5 0.3902751119641715
67.5 97.5 0.3333333333333333
67.5 102.5 0.20793346129238643
67.5 107.5 0.10556621880998081
67.5 112.5 0.04926423544465771
67.5 117.5 0.016634676903390915
67.5 122.5 0.007037747920665387
67.5 127.5 6.397952655150352E-4
67.5 237.5 0.005758157389635317
67.5 242.5 0.019193857965451054
67.5 247.5 0.06269993602047345
67.5 252.5 0.1695457453614843
67.5 257.5 0.3646833013435701
67.5 262.5 0.5483045425463852
67.5 267.5 0.6078055022392834
67.5 272.5 0.5918106206014075
67.5 277.5 0.4964811260396673
67.5 282.5 0.33589251439539347
67.5 287.5 0.19641714651311581
67.5 292.5 0.10620601407549585
67.5 297.5 0.05886116442738324
67.5 302.5 0.036468330134357005
67.5 307.5 0.019193857965451054
67.5 312.5 0.011516314779270634
67.5 317.5 0.007677543186180422
67.5 322.5 0.005758157389635317
67.5 327.5 0.003198976327575176
67.5 332.5 0.0019193857965451055
67.5 337.5 0.0019193857965451055
67.5 342.5 0.003198976327575176
67.5 347.5 0.003838771593090211
67.5 352.5 0.004478566858605247
67.5 357.5 0.004478566858605247
72.5 2.5 0.0019193857965451055
72.5 7.5 0.0019193857965451055
72.5 12.5 0.0019193857965451055
72.5 17.5 0.0019193857965451055
72.5 22.5 0.0019193857965451055
72.5 27.5 0.0019193857965451055
72.5 32.5 0.0019193857965451055
72.5 37.5 0.0019193857965451055
72.5 42.5 0.005758157389635317
72.5 47.5 0.007677543186180422
72.5 52.5 0.011516314779270634
72.5 57.5 0.012795905310300703
72.5 62.5 0.016634676903390915
72.5 67.5 0.023672424824056303
72.5 72.5 0.046065259117082535
72.5 77.5 0.08317338451695458
72.5 82.5 0.1618682021753039
72.5 87.5 0.23032629558541268
72.5 92.5 0.2514395393474088
72.5 97.5 0.21177223288547664
72.5 102.5 0.13883557261676263
72.5 107.5 0.07485604606525911
72.5 112.5 0.03966730646193218
72.5 117.5 0.014075495841330775
72.5 122.5 0.005758157389635317
72.5 127.5 6.397952655150352E-4
72.5 237.5 0.0019193857965451055
72.5 242.5 0.012795905310300703
72.5 247.5 0.04990403071017274
72.5 252.5 0.12156110044785669
72.5 257.5 0.25847728726807423
72.5 262.5 0.3921944977607166
72.5 267.5 0.472808701215611
72.5 272.5 0.46705054382597566
72.5 277.5 0.3857965451055662
72.5 282.5 0.26615483045425464
72.5 287.5 0.15355086372360843
72.5 292.5 0.08253358925143954
72.5 297.5 0.052463211772232884
72.5 302.5 0.030710172744721688
72.5 307.5 0.01727447216890595
72.5 312.5 0.011516314779270634
72.5 317.5 0.007037747920665387
72.5 322.5 0.005758157389635317
72.5 327.5 0.0019193857965451055
72.5 332.5 0.0019193857965451055
72.5 337.5 0.0019193857965451055
72.5 342.5 0.0019193857965451055
72.5 347.5 0.0019193857965451055
72.5 352.5 0.0019193857965451055
72.5 357.5 0.0019193857965451055
77.5 2.5 0.0012795905310300703
77.5 7.5 0.0012795905310300703
77.5 12.5 0.0012795905310300703
77.5 17.5 0.0012795905310300703
77.5 22.5 0.0012795905310300703
77.5 27.5 0.0012795905310300703
77.5 32.5 0.0012795905310300703
77.5 37.5 0.0012795905310300703
77.5 42.5 0.0019193857965451055
77.5 47.5 0.005758157389635317
77.5 52.5 0.008317338451695458
77.5 57.5 0.011516314779270634
77.5 62.5 0.01215611004478567
77.5 67.5 0.01471529110684581
77.5 72.5 0.02495201535508637
77.5 77.5 0.04990403071017274
77.5 82.5 0.07613563659628919
77.5 87.5 0.11196417146513116
77.5 92.5 0.12667946257197696
77.5 97.5 0.11196417146513116
77.5 102.5 0.08125399872040946
77.5 107.5 0.052463211772232884
77.5 112.5 0.02431222008957134
77.5 117.5 0.011516314779270634
77.5 122.5 0.003838771593090211
77.5 127.5 6.397952655150352E-4
77.5 237.5 0.0012795905310300703
77.5 242.5 0.010236724248240563
77.5 247.5 0.03134996801023673
77.5 252.5 0.07677543186180422
77.5 257.5 0.16698656429942418
77.5 262.5 0.26039667306461933
77.5 267.5 0.327575175943698
77.5 272.5 0.3288547664747281
77.5 277.5 0.26423544465770954
77.5 282.5 0.1708253358925144
77.5 287.5 0.1036468330134357
77.5 292.5 0.061420345489443376
77.5 297.5 0.04030710172744722
77.5 302.5 0.02111324376199616
77.5 307.5 0.012795905310300703
77.5 312.5 0.008957133717210493
77.5 317.5 0.005758157389635317
77.5 322.5 0.0019193857965451055
77.5 327.5 0.0012795905310300703
77.5 332.5 0.0012795905310300703
77.5 337.5 0.0012795905310300703
77.5 342.5 0.0012795905310300703
77.5 347.5 0.0012795905310300703
77.5 352.5 0.0012795905310300703
77.5 357.5 0.0012795905310300703
82.5 2.5 0.0012795905310300703
82.5 7.5 0.0012795905310300703
82.5 12.5 0.0012795905310300703
82.5 17.5 6.397952655150352E-4
82.5 22.5 6.397952655150352E-4
82.5 27.5 6.397952655150352E-4
82.5 32.5 6.397952655150352E-4
82.5 37.5 6.397952655150352E-4
82.5 42.5 0.0012795905310300703
82.5 47.5 0.0019193857965451055
82.5 52.5 0.005758157389635317
82.5 57.5 0.007037747920665387
82.5 62.5 0.008957133717210493
82.5 67.5 0.011516314779270634
82.5 72.5 0.012795905310300703
82.5 77.5 0.02111324376199616
82.5 82.5 0.04030710172744722
82.5 87.5 0.05438259756877799
82.5 92.5 0.061420345489443376
82.5 97.5 0.0582213691618682
82.5 102.5 0.04926423544465771
82.5 107.5 0.027511196417146513
82.5 112.5 0.014075495841330775
82.5 117.5 0.007037747920665387
82.5 122.5 0.0012795905310300703
82.5 237.5 6.397952655150352E-4
82.5 242.5 0.007037747920665387
82.5 247.5 0.016634676903390915
82.5 252.5 0.04926423544465771
82.5 257.5 0.09085092770313499
82.5 262.5 0.14587332053742802
82.5 267.5 0.17978246960972488
82.5 272.5 0.1785028790786948
82.5 277.5 0.1433141394753679
82.5 282.5 0.09724888035828536
82.5 287.5 0.061420345489443376
82.5 292.5 0.04222648752399232
82.5 297.5 0.02111324376199616
82.5 302.5 0.012795905310300703
82.5 307.5 0.010236724248240563
82.5 312.5 0.005758157389635317
82.5 317.5 0.0019193857965451055
82.5 322.5 0.0012795905310300703
82.5 327.5 0.0012795905310300703
82.5 332.5 0.0012795905310300703
82.5 337.5 0.0012795905310300703
82.5 342.5 0.0012795905310300703
82.5 347.5 0.0012795905310300703
82.5 352.5 0.0012795905310300703
82.5 357.5 0.0012795905310300703
87.5 47.5 6.397952655150352E-4
87.5 52.5 0.0012795905310300703
87.5 57.5 0.0019193857965451055
87.5 62.5 0.005758157389635317
87.5 67.5 0.005758157389635317
87.5 72.5 0.007037747920665387
87.5 77.5 0.010236724248240563
87.5 82.5 0.012795905310300703
87.5 87.5 0.019193857965451054
87.5 92.5 0.023672424824056303
87.5 97.5 0.023672424824056303
87.5 102.5 0.019193857965451054
87.5 107.5 0.011516314779270634
87.5 112.5 0.007677543186180422
87.5 117.5 0.0019193857965451055
87.5 122.5 0.0012795905310300703
87.5 242.5 0.0019193857965451055
87.5 247.5 0.010236724248240563
87.5 252.5 0.02111324376199616
87.5 257.5 0.04926423544465771
87.5 262.5 0.06973768394113884
87.5 267.5 0.08125399872040946
87.5 272.5 0.08125399872040946
87.5 277.5 0.06973768394113884
87.5 282.5 0.05182341650671785
87.5 287.5 0.0345489443378119
87.5 292.5 0.019193857965451054
87.5 297.5 0.011516314779270634
87.5 302.5 0.007677543186180422
87.5 307.5 0.005758157389635317
87.5 312.5 0.0012795905310300703
87.5 317.5 6.397952655150352E-4
87.5 322.5 6.397952655150352E-4
92.5 57.5 6.397952655150352E-4
92.5 62.5 0.0012795905310300703
92.5 67.5 0.0012795905310300703
92.5 72.5 0.0012795905310300703
92.5 77.5 0.0019193857965451055
92.5 82.5 0.005118362124120281
92.5 87.5 0.005758157389635317
92.5 92.5 0.007677543186180422
92.5 97.5 0.008317338451695458
92.5 102.5 0.007037747920665387
92.5 107.5 0.005758157389635317
92.5 112.5 0.0012795905310300703
92.5 117.5 0.0012795905310300703
92.5 122.5 6.397952655150352E-4
92.5 242.5 6.397952655150352E-4
92.5 247.5 0.005758157389635317
92.5 252.5 0.011516314779270634
92.5 257.5 0.019193857965451054
92.5 262.5 0.030710172744721688
92.5 267.5 0.03902751119641715
92.5 272.5 0.037747920665387076
92.5 277.5 0.030710172744721688
92.5 282.5 0.01983365323096609
92.5 287.5 0.01215611004478567
92.5 292.5 0.007677543186180422
92.5 297.5 0.005758157389635317
92.5 302.5 0.0012795905310300703
92.5 307.5 6.397952655150352E-4
97.5 72.5 6.397952655150352E-4
97.5 77.5 6.397952655150352E-4
97.5 82.5 6.397952655150352E-4
97.5 87.5 0.0012795905310300703
97.5 92.5 0.0012795905310300703
97.5 97.5 0.0012795905310300703
97.5 102.5 0.0012795905310300703
97.5 107.5 0.0012795905310300703
97.5 112.5 0.0012795905310300703
97.5 117.5 6.397952655150352E-4
97.5 247.5 0.0012795905310300703
97.5 252.5 0.005758157389635317
97.5 257.5 0.008957133717210493
97.5 262.5 0.011516314779270634
97.5 267.5 0.014075495841330775
97.5 272.5 0.012795905310300703
97.5 277.5 0.011516314779270634
97.5 282.5 0.007677543186180422
97.5 287.5 0.003198976327575176
97.5 292.5 0.0012795905310300703
102.5 97.5 6.397952655150352E-4
102.5 102.5 6.397952655150352E-4
102.5 107.5 6.397952655150352E-4
102.5 252.5 0.0012795905310300703
102.5 257.5 0.0019193857965451055
102.5 262.5 0.005758157389635317
102.5 267.5 0.005758157389635317
102.5 272.5 0.005758157389635317
102.5 277.5 0.0019193857965451055
102.5 282.5 6.397952655150352E-4
107.5 257.5 6.397952655150352E-4
107.5 262.5 6.397952655150352E-4
107.5 267.5 6.397952655150352E-4
107.5 272.5 6.397952655150352E-4
132.5 237.5 6.397952655150352E-4
132.5 242.5 0.0012795905310300703
132.5 247.5 0.0012795905310300703
132.5 252.5 0.0012795905310300703
132.5 257.5 6.397952655150352E-4
137.5 227.5 0.0012795905310300703
137.5 232.5 0.0019193857965451055
137.5 237.5 0.005758157389635317
137.5 242.5 0.007037747920665387
137.5 247.5 0.007037747920665387
137.5 252.5 0.005758157389635317
137.5 257.5 0.003198976327575176
137.5 262.5 0.0012795905310300703
137.5 267.5 6.397952655150352E-4
142.5 17.5 6.397952655150352E-4
142.5 22.5 6.397952655150352E-4
142.5 27.5 6.397952655150352E-4
142.5 32.5 6.397952655150352E-4
142.5 37.5 6.397952655150352E-4
142.5 42.5 0.0012795905310300703
142.5 47.5 0.0012795905310300703
142.5 52.5 0.0012795905310300703
142.5 57.5 0.0012795905310300703
142.5 62.5 0.0012795905310300703
142.5 67.5 0.0012795905310300703
142.5 72.5 0.0012795905310300703
142.5 77.5 0.0012795905310300703
142.5 82.5 6.397952655150352E-4
142.5 222.5 0.0012795905310300703
142.5 227.5 0.005758157389635317
142.5 232.5 0.010236724248240563
142.5 237.5 0.012795905310300703
142.5 242.5 0.015355086372360844
142.5 247.5 0.01471529110684581
142.5 252.5 0.012795905310300703
142.5 257.5 0.011516314779270634
142.5 262.5 0.007037747920665387
142.5 267.5 0.0019193857965451055
142.5 272.5 0.0012795905310300703
142.5 277.5 6.397952655150352E-4
147.5 7.5 0.0012795905310300703
147.5 12.5 0.0012795905310300703
147.5 17.5 0.0012795905310300703
147.5 22.5 0.0012795905310300703
147.5 27.5 0.0012795905310300703
147.5 32.5 0.0019193857965451055
147.5 37.5 0.0019193857965451055
147.5 42.5 0.003198976327575176
147.5 47.5 0.005758157389635317
147.5 52.5 0.005758157389635317
147.5 57.5 0.008317338451695458
147.5 62.5 0.011516314779270634
147.5 67.5 0.011516314779270634
147.5 72.5 0.01215611004478567
147.5 77.5 0.011516314779270634
147.5 82.5 0.010876519513755598
147.5 87.5 0.007037747920665387
147.5 92.5 0.0019193857965451055
147.5 97.5 0.0012795905310300703
147.5 217.5 0.0012795905310300703
147.5 222.5 0.005758157389635317
147.5 227.5 0.01215611004478567
147.5 232.5 0.023672424824056303
147.5 237.5 0.037747920665387076
147.5 242.5 0.046065259117082535
147.5 247.5 0.045425463851567496
147.5 252.5 0.037747920665387076
147.5 257.5 0.023672424824056303
147.5 262.5 0.014075495841330775
147.5 267.5 0.010236724248240563
147.5 272.5 0.005758157389635317
147.5 277.5 0.003198976327575176
147.5 282.5 0.0012795905310300703
147.5 287.5 6.397952655150352E-4
152.5 2.5 0.0012795905310300703
152.5 7.5 0.004478566858605247
152.5 12.5 0.005758157389635317
152.5 17.5 0.007037747920665387
152.5 22.5 0.008317338451695458
152.5 27.5 0.008317338451695458
152.5 32.5 0.008317338451695458
152.5 37.5 0.008957133717210493
152.5 42.5 0.010236724248240563
152.5 47.5 0.011516314779270634
152.5 52.5 0.01599488163787588
152.5 57.5 0.02111324376199616
152.5 62.5 0.03390914907229686
152.5 67.5 0.044785668586052464
152.5 72.5 0.05054382597568778
152.5 77.5 0.05054382597568778
152.5 82.5 0.04350607805502239
152.5 87.5 0.02815099168266155
152.5 92.5 0.016634676903390915
152.5 97.5 0.010236724248240563
152.5 102.5 0.003198976327575176
152.5 107.5 6.397952655150352E-4
152.5 212.5 6.397952655150352E-4
152.5 217.5 0.005758157389635317
152.5 222.5 0.011516314779270634
152.5 227.5 0.03134996801023673
152.5 232.5 0.05566218809980806
152.5 237.5 0.07421625079974409
152.5 242.5 0.08765195137555983
152.5 247.5 0.08829174664107485
152.5 252.5 0.07485604606525911
152.5 257.5 0.0582213691618682
152.5 262.5 0.04350607805502239
152.5 267.5 0.02495201535508637
152.5 272.5 0.016634676903390915
152.5 277.5 0.011516314779270634
152.5 282.5 0.008957133717210493
152.5 287.5 0.005758157389635317
152.5 292.5 0.0012795905310300703
152.5 297.5 6.397952655150352E-4
152.5 357.5 6.397952655150352E-4
157.5 2.5 0.007037747920665387
157.5 7.5 0.011516314779270634
157.5 12.5 0.01215611004478567
157.5 17.5 0.01471529110684581
157.5 22.5 0.019193857965451054
157.5 27.5 0.01983365323096609
157.5 32.5 0.02111324376199616
157.5 37.5 0.023032629558541268
157.5 42.5 0.026871401151631478
157.5 47.5 0.037747920665387076
157.5 52.5 0.05118362124120281
157.5 57.5 0.06269993602047345
157.5 62.5 0.08125399872040946
157.5 67.5 0.10684580934101087
157.5 72.5 0.12603966730646193
157.5 77.5 0.13179782469609724
157.5 82.5 0.12028150991682661
157.5 87.5 0.09213051823416507
157.5 92.5 0.060780550223928344
157.5 97.5 0.0345489443378119
157.5 102.5 0.012795905310300703
157.5 107.5 0.005758157389635317
157.5 112.5 6.397952655150352E-4
157.5 212.5 0.0019193857965451055
157.5 217.5 0.010236724248240563
157.5 222.5 0.025591810620601407
157.5 227.5 0.060140754958413305
157.5 232.5 0.10044785668586052
157.5 237.5 0.13947536788227768
157.5 242.5 0.17018554062699937
157.5 247.5 0.18426103646833014
157.5 252.5 0.16698656429942418
157.5 257.5 0.13115802943058222
157.5 262.5 0.09085092770313499
157.5 267.5 0.06269993602047345
157.5 272.5 0.04798464491362764
157.5 277.5 0.0345489443378119
157.5 282.5 0.020473448496481125
157.5 287.5 0.012795905310300703
157.5 292.5 0.008317338451695458
157.5 297.5 0.003198976327575176
157.5 302.5 0.0012795905310300703
157.5 307.5 6.397952655150352E-4
157.5 352.5 0.0012795905310300703
157.5 357.5 0.0019193857965451055
162.5 2.5 0.014075495841330775
162.5 7.5 0.020473448496481125
162.5 12.5 0.02943058221369162
162.5 17.5 0.03966730646193218
162.5 22.5 0.04926423544465771
162.5 27.5 0.05438259756877799
162.5 32.5 0.05950095969289827
162.5 37.5 0.06461932181701856
162.5 42.5 0.07229686500319897
162.5 47.5 0.08253358925143954
162.5 52.5 0.10620601407549585
162.5 57.5 0.13307741522712732
162.5 62.5 0.1708253358925144
162.5 67.5 0.22072936660268713
162.5 72.5 0.272552783109405
162.5 77.5 0.327575175943698
162.5 82.5 0.3307741522712732
162.5 87.5 0.26615483045425464
162.5 92.5 0.16826615483045426
162.5 97.5 0.08253358925143954
162.5 102.5 0.04030710172744722
162.5 107.5 0.01215611004478567
162.5 112.5 0.003198976327575176
162.5 207.5 0.0012795905310300703
162.5 212.5 0.007037747920665387
162.5 217.5 0.016634676903390915
162.5 222.5 0.04926423544465771
162.5 227.5 0.09213051823416507
162.5 232.5 0.15866922584772872
162.5 237.5 0.2328854766474728
162.5 242.5 0.30838131797824697
162.5 247.5 0.3378119001919386
162.5 252.5 0.33589251439539347
162.5 257.5 0.2891874600127959
162.5 262.5 0.21497120921305182
162.5 267.5 0.14459373000639794
162.5 272.5 0.09213051823416507
162.5 277.5 0.0690978886756238
162.5 282.5 0.05118362124120281
162.5 287.5 0.03390914907229686
162.5 292.5 0.016634676903390915
162.5 297.5 0.008957133717210493
162.5 302.5 0.005758157389635317
162.5 307.5 0.0019193857965451055
162.5 312.5 0.0012795905310300703
162.5 317.5 0.0012795905310300703
162.5 322.5 0.0012795905310300703
162.5 327.5 0.0012795905310300703
162.5 332.5 0.0012795905310300703
162.5 337.5 6.397952655150352E-4
162.5 342.5 0.0012795905310300703
162.5 347.5 0.0012795905310300703
162.5 352.5 0.005758157389635317
162.5 357.5 0.010236724248240563
167.5 2.5 0.03134996801023673
167.5 7.5 0.046065259117082535
167.5 12.5 0.05502239283429303
167.5 17.5 0.06845809341010876
167.5 22.5 0.07741522712731926
167.5 27.5 0.09724888035828536
167.5 32.5 0.11132437619961612
167.5 37.5 0.12667946257197696
167.5 42.5 0.1433141394753679
167.5 47.5 0.16058861164427382
167.5 52.5 0.18873960332693537
167.5 57.5 0.22456813819577734
167.5 62.5 0.27575175943698016
167.5 67.5 0.35188739603326935
167.5 72.5 0.4580934101087652
167.5 77.5 0.5572616762635957
167.5 82.5 0.5918106206014075
167.5 87.5 0.5604606525911708
167.5 92.5 0.41010876519513756
167.5 97.5 0.21753039027511195
167.5 102.5 0.08253358925143954
167.5 107.5 0.028790786948176585
167.5 112.5 0.008957133717210493
167.5 117.5 6.397952655150352E-4
167.5 207.5 0.0019193857965451055
167.5 212.5 0.011516314779270634
167.5 217.5 0.025591810620601407
167.5 222.5 0.06397952655150352
167.5 227.5 0.12603966730646193
167.5 232.5 0.22456813819577734
167.5 237.5 0.345489443378119
167.5 242.5 0.45873320537428025
167.5 247.5 0.5252719129878439
167.5 252.5 0.54510556621881
167.5 257.5 0.5079974408189379
167.5 262.5 0.41202815099168266
167.5 267.5 0.3122200895713372
167.5 272.5 0.19897632757517594
167.5 277.5 0.12220089571337173
167.5 282.5 0.0818937939859245
167.5 287.5 0.0563019833653231
167.5 292.5 0.0345489443378119
167.5 297.5 0.01471529110684581
167.5 302.5 0.008957133717210493
167.5 307.5 0.005758157389635317
167.5 312.5 0.005758157389635317
167.5 317.5 0.005758157389635317
167.5 322.5 0.005758157389635317
167.5 327.5 0.005758157389635317
167.5 332.5 0.005758157389635317
167.5 337.5 0.005758157389635317
167.5 342.5 0.005758157389635317
167.5 347.5 0.008317338451695458
167.5 352.5 0.011516314779270634
167.5 357.5 0.019193857965451054
172.5 2.5 0.052463211772232884
172.5 7.5 0.06461932181701856
172.5 12.5 0.0780550223928343
172.5 17.5 0.09980806142034548
172.5 22.5 0.11964171465131158
172.5 27.5 0.14651311580294304
172.5 32.5 0.1695457453614843
172.5 37.5 0.19897632757517594
172.5 42.5 0.2143314139475368
172.5 47.5 0.23224568138195778
172.5 52.5 0.2597568777991043
172.5 57.5 0.29750479846449135
172.5 62.5 0.345489443378119
172.5 67.5 0.44785668586052463
172.5 72.5 0.5866922584772872
172.5 77.5 0.708893154190659
172.5 82.5 0.7760716570697377
172.5 87.5 0.7773512476007678
172.5 92.5 0.690978886756238
172.5 97.5 0.4619321817018554
172.5 102.5 0.19385796545105566
172.5 107.5 0.060140754958413305
172.5 112.5 0.01471529110684581
172.5 117.5 0.0019193857965451055
172.5 202.5 6.397952655150352E-4
172.5 207.5 0.005758157389635317
172.5 212.5 0.014075495841330775
172.5 217.5 0.037747920665387076
172.5 222.5 0.07421625079974409
172.5 227.5 0.15547024952015356
172.5 232.5 0.30070377479206656
172.5 237.5 0.46065259117082535
172.5 242.5 0.5886116442738324
172.5 247.5 0.6577095329494562
172.5 252.5 0.691618682021753
172.5 257.5 0.6583493282149712
172.5 262.5 0.5962891874600128
172.5 267.5 0.49392194497760716
172.5 272.5 0.34037108125399873
172.5 277.5 0.21497120921305182
172.5 282.5 0.13115802943058222
172.5 287.5 0.08125399872040946
172.5 292.5 0.05182341650671785
172.5 297.5 0.023672424824056303
172.5 302.5 0.01215611004478567
172.5 307.5 0.010236724248240563
172.5 312.5 0.009596928982725527
172.5 317.5 0.010236724248240563
172.5 322.5 0.010876519513755598
172.5 327.5 0.011516314779270634
172.5 332.5 0.011516314779270634
172.5 337.5 0.011516314779270634
172.5 342.5 0.011516314779270634
172.5 347.5 0.01471529110684581
172.5 352.5 0.023032629558541268
172.5 357.5 0.037747920665387076
177.5 2.5 0.06845809341010876
177.5 7.5 0.0818937939859245
177.5 12.5 0.10428662827895073
177.5 17.5 0.12284069097888675
177.5 22.5 0.15035188739603328
177.5 27.5 0.18106206014075496
177.5 32.5 0.21177223288547664
177.5 37.5 0.23736404350607807
177.5 42.5 0.25847728726807423
177.5 47.5 0.2687140115163148
177.5 52.5 0.2853486884197057
177.5 57.5 0.31861804222648754
177.5 62.5 0.35956493921944976
177.5 67.5 0.4715291106845809
177.5 72.5 0.6244401791426744
177.5 77.5 0.7747920665387076
177.5 82.5 0.8784388995521433
177.5 87.5 0.9097888675623801
177.5 92.5 0.8272552783109405
177.5 97.5 0.6481126039667306
177.5 102.5 0.33589251439539347
177.5 107.5 0.10300703774792067
177.5 112.5 0.02815099168266155
177.5 117.5 0.007037747920665387
177.5 122.5 6.397952655150352E-4
177.5 202.5 0.0012795905310300703
177.5 207.5 0.008317338451695458
177.5 212.5 0.019193857965451054
177.5 217.5 0.04350607805502239
177.5 222.5 0.07741522712731926
177.5 227.5 0.17018554062699937
177.5 232.5 0.3378119001919386
177.5 237.5 0.5252719129878439
177.5 242.5 0.654510556621881
177.5 247.5 0.7325655790147153
177.5 252.5 0.763275751759437
177.5 257.5 0.7492002559181062
177.5 262.5 0.6967370441458733
177.5 267.5 0.5962891874600128
177.5 272.5 0.4619321817018554
177.5 277.5 0.31541906589891233
177.5 282.5 0.18873960332693537
177.5 287.5 0.10684580934101087
177.5 292.5 0.06269993602047345
177.5 297.5 0.036468330134357005
177.5 302.5 0.01727447216890595
177.5 307.5 0.012795905310300703
177.5 312.5 0.01215611004478567
177.5 317.5 0.013435700575815739
177.5 322.5 0.01471529110684581
177.5 327.5 0.01471529110684581
177.5 332.5 0.016634676903390915
177.5 337.5 0.01727447216890595
177.5 342.5 0.019193857965451054
177.5 347.5 0.02495201535508637
177.5 352.5 0.03966730646193218
177.5 357.5 0.052463211772232884
182.5 2.5 0.07485604606525911
182.5 7.5 0.09404990403071017
182.5 12.5 0.11132437619961612
182.5 17.5 0.13115802943058222
182.5 22.5 0.1561100447856686
182.5 27.5 0.18746001279590532
182.5 32.5 0.21369161868202174
182.5 37.5 0.2328854766474728
182.5 42.5 0.2514395393474088
182.5 47.5 0.25847728726807423
182.5 52.5 0.26423544465770954
182.5 57.5 0.2712731925783749
182.5 62.5 0.32053742802303264
182.5 67.5 0.399872040946897
182.5 72.5 0.5796545105566219
182.5 77.5 0.7587971849008317
182.5 82.5 0.8867562380038387
182.5 87.5 0.9315419065898912
182.5 92.5 0.8733205374280231
182.5 97.5 0.7140115163147792
182.5 102.5 0.4113883557261676
182.5 107.5 0.13115802943058222
182.5 112.5 0.04350607805502239
182.5 117.5 0.011516314779270634
182.5 122.5 0.0012795905310300703
182.5 202.5 0.0012795905310300703
182.5 207.5 0.008957133717210493
182.5 212.5 0.019193857965451054
182.5 217.5 0.04350607805502239
182.5 222.5 0.07485604606525911
182.5 227.5 0.16826615483045426
182.5 232.5 0.3378119001919386
182.5 237.5 0.5374280230326296
182.5 242.5 0.6666666666666666
182.5 247.5 0.7492002559181062
182.5 252.5 0.7779910428662828
182.5 257.5 0.7677543186180422
182.5 262.5 0.7191298784388995
182.5 267.5 0.6282789507357646
182.5 272.5 0.5111964171465131
182.5 277.5 0.35188739603326935
182.5 282.5 0.218170185540627
182.5 287.5 0.12476007677543186
182.5 292.5 0.07165706973768395
182.5 297.5 0.04094689699296225
182.5 302.5 0.01983365323096609
182.5 307.5 0.01727447216890595
182.5 312.5 0.019193857965451054
182.5 317.5 0.019193857965451054
182.5 322.5 0.02111324376199616
182.5 327.5 0.023032629558541268
182.5 332.5 0.023672424824056303
182.5 337.5 0.02431222008957134
182.5 342.5 0.028790786948176585
182.5 347.5 0.037747920665387076
182.5 352.5 0.05118362124120281
182.5 357.5 0.061420345489443376
187.5 2.5 0.07549584133077415
187.5 7.5 0.09213051823416507
187.5 12.5 0.10684580934101087
187.5 17.5 0.12028150991682661
187.5 22.5 0.13691618682021753
187.5 27.5 0.15674984005118361
187.5 32.5 0.17722328854766475
187.5 37.5 0.19385796545105566
187.5 42.5 0.20217530390275112
187.5 47.5 0.20281509916826615
187.5 52.5 0.19961612284069097
187.5 57.5 0.19897632757517594
187.5 62.5 0.21497120921305182
187.5 67.5 0.27383237364043506
187.5 72.5 0.40818937939859246
187.5 77.5 0.6327575175943698
187.5 82.5 0.7907869481765835
187.5 87.5 0.8522072936660269
187.5 92.5 0.8023032629558541
187.5 97.5 0.6602687140115163
187.5 102.5 0.381957773512476
187.5 107.5 0.12476007677543186
187.5 112.5 0.046065259117082535
187.5 117.5 0.011516314779270634
187.5 122.5 0.003198976327575176
187.5 202.5 0.0012795905310300703
187.5 207.5 0.007677543186180422
187.5 212.5 0.016634676903390915
187.5 217.5 0.037747920665387076
187.5 222.5 0.06845809341010876
187.5 227.5 0.14459373000639794
187.5 232.5 0.30134357005758156
187.5 237.5 0.4868841970569418
187.5 242.5 0.6199616122840691
187.5 247.5 0.7037747920665387
187.5 252.5 0.7312859884836852
187.5 257.5 0.7223288547664747
187.5 262.5 0.6788227767114523
187.5 267.5 0.5962891874600128
187.5 272.5 0.4888035828534869
187.5 277.5 0.34420985284708894
187.5 282.5 0.21497120921305182
187.5 287.5 0.12348048624440179
187.5 292.5 0.07165706973768395
187.5 297.5 0.03966730646193218
187.5 302.5 0.023672424824056303
187.5 307.5 0.01983365323096609
187.5 312.5 0.02111324376199616
187.5 317.5 0.02495201535508637
187.5 322.5 0.027511196417146513
187.5 327.5 0.030070377479206652
187.5 332.5 0.03134996801023673
187.5 337.5 0.03390914907229686
187.5 342.5 0.037747920665387076
187.5 347.5 0.04670505438259757
187.5 352.5 0.05438259756877799
187.5 357.5 0.0671785028790787
192.5 2.5 0.07229686500319897
192.5 7.5 0.08061420345489444
192.5 12.5 0.08765195137555983
192.5 17.5 0.09404990403071017
192.5 22.5 0.10300703774792067
192.5 27.5 0.10748560460652591
192.5 32.5 0.11964171465131158
192.5 37.5 0.12284069097888675
192.5 42.5 0.12476007677543186
192.5 47.5 0.12220089571337173
192.5 52.5 0.11708253358925144
192.5 57.5 0.11196417146513116
192.5 62.5 0.12028150991682661
192.5 67.5 0.14651311580294304
192.5 72.5 0.2072936660268714
192.5 77.5 0.3723608445297505
192.5 82.5 0.5834932821497121
192.5 87.5 0.6647472808701216
192.5 92.5 0.6385156749840051
192.5 97.5 0.4990403071017274
192.5 102.5 0.2559181062060141
192.5 107.5 0.09213051823416507
192.5 112.5 0.036468330134357005
192.5 117.5 0.011516314779270634
192.5 122.5 0.005758157389635317
192.5 127.5 6.397952655150352E-4
192.5 202.5 6.397952655150352E-4
192.5 207.5 0.005758157389635317
192.5 212.5 0.011516314779270634
192.5 217.5 0.025591810620601407
192.5 222.5 0.05438259756877799
192.5 227.5 0.10684580934101087
192.5 232.5 0.21880998080614203
192.5 237.5 0.37747920665387075
192.5 242.5 0.5233525271912988
192.5 247.5 0.5962891874600128
192.5 252.5 0.6244401791426744
192.5 257.5 0.6129238643634037
192.5 262.5 0.5783749200255918
192.5 267.5 0.5022392834293026
192.5 272.5 0.3915547024952015
192.5 277.5 0.2802303262955854
192.5 282.5 0.17978246960972488
192.5 287.5 0.10620601407549585
192.5 292.5 0.0582213691618682
192.5 297.5 0.0345489443378119
192.5 302.5 0.023032629558541268
192.5 307.5 0.02111324376199616
192.5 312.5 0.023672424824056303
192.5 317.5 0.028790786948176585
192.5 322.5 0.03326935380678183
192.5 327.5 0.035188739603326934
192.5 332.5 0.036468330134357005
192.5 337.5 0.037747920665387076
192.5 342.5 0.04222648752399232
192.5 347.5 0.04862444017914268
192.5 352.5 0.05438259756877799
192.5 357.5 0.06269993602047345
197.5 2.5 0.060780550223928344
197.5 7.5 0.06397952655150352
197.5 12.5 0.06781829814459372
197.5 17.5 0.06653870761356366
197.5 22.5 0.06397952655150352
197.5 27.5 0.06269993602047345
197.5 32.5 0.06461932181701856
197.5 37.5 0.0671785028790787
197.5 42.5 0.06397952655150352
197.5 47.5 0.061420345489443376
197.5 52.5 0.05694177863083813
197.5 57.5 0.05566218809980806
197.5 62.5 0.05950095969289827
197.5 67.5 0.07165706973768395
197.5 72.5 0.09021113243761997
197.5 77.5 0.13883557261676263
197.5 82.5 0.24504158669225848
197.5 87.5 0.3378119001919386
197.5 92.5 0.33589251439539347
197.5 97.5 0.236724248240563
197.5 102.5 0.12156110044785669
197.5 107.5 0.0563019833653231
197.5 112.5 0.01983365323096609
197.5 117.5 0.010236724248240563
197.5 122.5 0.005118362124120281
197.5 127.5 6.397952655150352E-4
197.5 207.5 0.0019193857965451055
197.5 212.5 0.008317338451695458
197.5 217.5 0.016634676903390915
197.5 222.5 0.037747920665387076
197.5 227.5 0.07165706973768395
197.5 232.5 0.13947536788227768
197.5 237.5 0.2514395393474088
197.5 242.5 0.36084452975047987
197.5 247.5 0.436340371081254
197.5 252.5 0.46705054382597566
197.5 257.5 0.4523352527191299
197.5 262.5 0.40818937939859246
197.5 267.5 0.344849648112604
197.5 272.5 0.2687140115163148
197.5 277.5 0.19769673704414586
197.5 282.5 0.12348048624440179
197.5 287.5 0.07357645553422905
197.5 292.5 0.045425463851567496
197.5 297.5 0.02431222008957134
197.5 302.5 0.01983365323096609
197.5 307.5 0.01983365323096609
197.5 312.5 0.023672424824056303
197.5 317.5 0.02815099168266155
197.5 322.5 0.03326935380678183
197.5 327.5 0.035188739603326934
197.5 332.5 0.036468330134357005
197.5 337.5 0.036468330134357005
197.5 342.5 0.037747920665387076
197.5 347.5 0.044145873320537425
197.5 352.5 0.05054382597568778
197.5 357.5 0.05502239283429303
202.5 2.5 0.04926423544465771
202.5 7.5 0.04926423544465771
202.5 12.5 0.04862444017914268
202.5 17.5 0.04350607805502239
202.5 22.5 0.036468330134357005
202.5 27.5 0.030070377479206652
202.5 32.5 0.026231605886116442
202.5 37.5 0.02495201535508637
202.5 42.5 0.023672424824056303
202.5 47.5 0.023672424824056303
202.5 52.5 0.02111324376199616
202.5 57.5 0.020473448496481125
202.5 62.5 0.023032629558541268
202.5 67.5 0.028790786948176585
202.5 72.5 0.04350607805502239
202.5 77.5 0.05502239283429303
202.5 82.5 0.07357645553422905
202.5 87.5 0.10300703774792067
202.5 92.5 0.10620601407549585
202.5 97.5 0.08125399872040946
202.5 102.5 0.053742802303262956
202.5 107.5 0.02495201535508637
202.5 112.5 0.01215611004478567
202.5 117.5 0.007677543186180422
202.5 122.5 0.0019193857965451055
202.5 207.5 6.397952655150352E-4
202.5 212.5 0.003838771593090211
202.5 217.5 0.010236724248240563
202.5 222.5 0.019193857965451054
202.5 227.5 0.046065259117082535
202.5 232.5 0.07677543186180422
202.5 237.5 0.1381957773512476
202.5 242.5 0.21177223288547664
202.5 247.5 0.2674344209852847
202.5 252.5 0.2923864363403711
202.5 257.5 0.2802303262955854
202.5 262.5 0.24696097248880358
202.5 267.5 0.2034548944337812
202.5 272.5 0.15930902111324377
202.5 277.5 0.11324376199616124
202.5 282.5 0.07357645553422905
202.5 287.5 0.04926423544465771
202.5 292.5 0.025591810620601407
202.5 297.5 0.019193857965451054
202.5 302.5 0.01727447216890595
202.5 307.5 0.019193857965451054
202.5 312.5 0.020473448496481125
202.5 317.5 0.02431222008957134
202.5 322.5 0.02815099168266155
202.5 327.5 0.030070377479206652
202.5 332.5 0.030710172744721688
202.5 337.5 0.030710172744721688
202.5 342.5 0.03134996801023673
202.5 347.5 0.0345489443378119
202.5 352.5 0.037747920665387076
202.5 357.5 0.044785668586052464
207.5 2.5 0.028790786948176585
207.5 7.5 0.02943058221369162
207.5 12.5 0.025591810620601407
207.5 17.5 0.020473448496481125
207.5 22.5 0.016634676903390915
207.5 27.5 0.01215611004478567
207.5 32.5 0.011516314779270634
207.5 37.5 0.010236724248240563
207.5 42.5 0.010236724248240563
207.5 47.5 0.010236724248240563
207.5 52.5 0.010236724248240563
207.5 57.5 0.010236724248240563
207.5 62.5 0.008957133717210493
207.5 67.5 0.009596928982725527
207.5 72.5 0.011516314779270634
207.5 77.5 0.015355086372360844
207.5 82.5 0.023032629558541268
207.5 87.5 0.028790786948176585
207.5 92.5 0.03134996801023673
207.5 97.5 0.02495201535508637
207.5 102.5 0.019193857965451054
207.5 107.5 0.011516314779270634
207.5 112.5 0.008317338451695458
207.5 117.5 0.005758157389635317
207.5 122.5 0.0012795905310300703
207.5 212.5 6.397952655150352E-4
207.5 217.5 0.004478566858605247
207.5 222.5 0.011516314779270634
207.5 227.5 0.02111324376199616
207.5 232.5 0.04734484964811261
207.5 237.5 0.07229686500319897
207.5 242.5 0.10684580934101087
207.5 247.5 0.13947536788227768
207.5 252.5 0.15547024952015356
207.5 257.5 0.14971209213051823
207.5 262.5 0.13115802943058222
207.5 267.5 0.10620601407549585
207.5 272.5 0.0818937939859245
207.5 277.5 0.060780550223928344
207.5 282.5 0.04350607805502239
207.5 287.5 0.023672424824056303
207.5 292.5 0.01727447216890595
207.5 297.5 0.012795905310300703
207.5 302.5 0.012795905310300703
207.5 307.5 0.014075495841330775
207.5 312.5 0.01727447216890595
207.5 317.5 0.019193857965451054
207.5 322.5 0.02111324376199616
207.5 327.5 0.023672424824056303
207.5 332.5 0.023672424824056303
207.5 337.5 0.02111324376199616
207.5 342.5 0.02111324376199616
207.5 347.5 0.02111324376199616
207.5 352.5 0.023672424824056303
207.5 357.5 0.02495201535508637
212.5 2.5 0.01471529110684581
212.5 7.5 0.01471529110684581
212.5 12.5 0.012795905310300703
212.5 17.5 0.011516314779270634
212.5 22.5 0.010236724248240563
212.5 27.5 0.007037747920665387
212.5 32.5 0.005758157389635317
212.5 37.5 0.0019193857965451055
212.5 42.5 0.0019193857965451055
212.5 47.5 0.0025591810620601407
212.5 52.5 0.0019193857965451055
212.5 57.5 0.0019193857965451055
212.5 62.5 0.0019193857965451055
212.5 67.5 0.0019193857965451055
212.5 72.5 0.0019193857965451055
212.5 77.5 0.003198976327575176
212.5 82.5 0.006397952655150352
212.5 87.5 0.008957133717210493
212.5 92.5 0.010876519513755598
212.5 97.5 0.010236724248240563
212.5 102.5 0.008957133717210493
212.5 107.5 0.007037747920665387
212.5 112.5 0.005758157389635317
212.5 117.5 0.0012795905310300703
212.5 217.5 6.397952655150352E-4
212.5 222.5 0.003838771593090211
212.5 227.5 0.011516314779270634
212.5 232.5 0.01983365323096609
212.5 237.5 0.037747920665387076
212.5 242.5 0.05502239283429303
212.5 247.5 0.06973768394113884
212.5 252.5 0.07421625079974409
212.5 257.5 0.07229686500319897
212.5 262.5 0.06397952655150352
212.5 267.5 0.05502239283429303
212.5 272.5 0.044785668586052464
212.5 277.5 0.028790786948176585
212.5 282.5 0.019193857965451054
212.5 287.5 0.014075495841330775
212.5 292.5 0.011516314779270634
212.5 297.5 0.011516314779270634
212.5 302.5 0.011516314779270634
212.5 307.5 0.011516314779270634
212.5 312.5 0.01215611004478567
212.5 317.5 0.014075495841330775
212.5 322.5 0.015355086372360844
212.5 327.5 0.016634676903390915
212.5 332.5 0.015355086372360844
212.5 337.5 0.01471529110684581
212.5 342.5 0.012795905310300703
212.5 347.5 0.012795905310300703
212.5 352.5 0.012795905310300703
212.5 357.5 0.014075495841330775
217.5 2.5 0.008317338451695458
217.5 7.5 0.008317338451695458
217.5 12.5 0.007677543186180422
217.5 17.5 0.007037747920665387
217.5 22.5 0.005758157389635317
217.5 27.5 0.0012795905310300703
217.5 32.5 0.0012795905310300703
217.5 37.5 6.397952655150352E-4
217.5 77.5 6.397952655150352E-4
217.5 82.5 0.0012795905310300703
217.5 87.5 0.0012795905310300703
217.5 92.5 0.0019193857965451055
217.5 97.5 0.0019193857965451055
217.5 102.5 0.0019193857965451055
217.5 107.5 0.0012795905310300703
217.5 112.5 0.0012795905310300703
217.5 222.5 6.397952655150352E-4
217.5 227.5 0.003198976327575176
217.5 232.5 0.010236724248240563
217.5 237.5 0.01471529110684581
217.5 242.5 0.023672424824056303
217.5 247.5 0.03390914907229686
217.5 252.5 0.037747920665387076
217.5 257.5 0.037747920665387076
217.5 262.5 0.03326935380678183
217.5 267.5 0.02495201535508637
217.5 272.5 0.019193857965451054
217.5 277.5 0.014075495841330775
217.5 282.5 0.011516314779270634
217.5 287.5 0.010236724248240563
217.5 292.5 0.007677543186180422
217.5 297.5 0.007037747920665387
217.5 302.5 0.007037747920665387
217.5 307.5 0.008317338451695458
217.5 312.5 0.010236724248240563
217.5 317.5 0.011516314779270634
217.5 322.5 0.011516314779270634
217.5 327.5 0.011516314779270634
217.5 332.5 0.011516314779270634
217.5 337.5 0.010236724248240563
217.5 342.5 0.008957133717210493
217.5 347.5 0.007677543186180422
217.5 352.5 0.007677543186180422
217.5 357.5 0.008317338451695458
222.5 2.5 0.0019193857965451055
222.5 7.5 0.0019193857965451055
222.5 12.5 0.0019193857965451055
222.5 17.5 0.0012795905310300703
222.5 22.5 0.0012795905310300703
222.5 27.5 6.397952655150352E-4
222.5 227.5 6.397952655150352E-4
222.5 232.5 0.0019193857965451055
222.5 237.5 0.007037747920665387
222.5 242.5 0.011516314779270634
222.5 247.5 0.012795905310300703
222.5 252.5 0.01471529110684581
222.5 257.5 0.01471529110684581
222.5 262.5 0.014075495841330775
222.5 267.5 0.01215611004478567
222.5 272.5 0.011516314779270634
222.5 277.5 0.008957133717210493
222.5 282.5 0.007037747920665387
222.5 287.5 0.005758157389635317
222.5 292.5 0.0019193857965451055
222.5 297.5 0.0019193857965451055
222.5 302.5 0.003198976327575176
222.5 307.5 0.005758157389635317
222.5 312.5 0.005758157389635317
222.5 317.5 0.007037747920665387
222.5 322.5 0.007037747920665387
222.5 327.5 0.007037747920665387
222.5 332.5 0.005758157389635317
222.5 337.5 0.005758157389635317
222.5 342.5 0.0025591810620601407
222.5 347.5 0.0019193857965451055
222.5 352.5 0.0019193857965451055
222.5 357.5 0.0019193857965451055
227.5 2.5 6.397952655150352E-4
227.5 7.5 6.397952655150352E-4
227.5 12.5 6.397952655150352E-4
227.5 17.5 6.397952655150352E-4
227.5 227.5 6.397952655150352E-4
227.5 232.5 0.0012795905310300703
227.5 237.5 0.0019193857965451055
227.5 242.5 0.005758157389635317
227.5 247.5 0.007677543186180422
227.5 252.5 0.008957133717210493
227.5 257.5 0.010236724248240563
227.5 262.5 0.008957133717210493
227.5 267.5 0.008317338451695458
227.5 272.5 0.005758157389635317
227.5 277.5 0.004478566858605247
227.5 282.5 0.0012795905310300703
227.5 287.5 0.0012795905310300703
227.5 292.5 6.397952655150352E-4
227.5 297.5 0.0012795905310300703
227.5 302.5 0.0012795905310300703
227.5 307.5 0.0012795905310300703
227.5 312.5 0.0019193857965451055
227.5 317.5 0.0019193857965451055
227.5 322.5 0.0019193857965451055
227.5 327.5 0.0012795905310300703
227.5 332.5 0.0012795905310300703
227.5 337.5 0.0012795905310300703
227.5 342.5 6.397952655150352E-4
227.5 347.5 6.397952655150352E-4
227.5 357.5 6.397952655150352E-4
232.5 227.5 6.397952655150352E-4
232.5 232.5 0.0012795905310300703
232.5 237.5 0.0025591810620601407
232.5 242.5 0.005758157389635317
232.5 247.5 0.005758157389635317
232.5 252.5 0.007037747920665387
232.5 257.5 0.007037747920665387
232.5 262.5 0.005758157389635317
232.5 267.5 0.005758157389635317
232.5 272.5 0.0012795905310300703
232.5 277.5 6.397952655150352E-4
232.5 307.5 6.397952655150352E-4
232.5 312.5 6.397952655150352E-4
232.5 317.5 6.397952655150352E-4
232.5 322.5 6.397952655150352E-4
232.5 327.5 6.397952655150352E-4
237.5 222.5 6.397952655150352E-4
237.5 227.5 0.0012795905310300703
237.5 232.5 0.0019193857965451055
237.5 237.5 0.005758157389635317
237.5 242.5 0.005758157389635317
237.5 247.5 0.007037747920665387
237.5 252.5 0.005758157389635317
237.5 257.5 0.005758157389635317
237.5 262.5 0.004478566858605247
237.5 267.5 0.0012795905310300703
237.5 272.5 6.397952655150352E-4
242.5 92.5 6.397952655150352E-4
242.5 97.5 0.0012795905310300703
242.5 102.5 0.0012795905310300703
242.5 107.5 0.0012795905310300703
242.5 112.5 0.0012795905310300703
242.5 117.5 6.397952655150352E-4
242.5 217.5 6.397952655150352E-4
242.5 222.5 0.0012795905310300703
242.5 227.5 0.0019193857965451055
242.5 232.5 0.005758157389635317
242.5 237.5 0.006397952655150352
242.5 242.5 0.007037747920665387
242.5 247.5 0.007677543186180422
242.5 252.5 0.007037747920665387
242.5 257.5 0.005758157389635317
242.5 262.5 0.003198976327575176
242.5 267.5 0.0012795905310300703
247.5 2.5 6.397952655150352E-4
247.5 7.5 6.397952655150352E-4
247.5 42.5 6.397952655150352E-4
247.5 47.5 0.0012795905310300703
247.5 52.5 0.0012795905310300703
247.5 57.5 0.0012795905310300703
247.5 62.5 0.0012795905310300703
247.5 67.5 0.0012795905310300703
247.5 72.5 0.0012795905310300703
247.5 77.5 0.0012795905310300703
247.5 82.5 0.0019193857965451055
247.5 87.5 0.005758157389635317
247.5 92.5 0.007037747920665387
247.5 97.5 0.010236724248240563
247.5 102.5 0.011516314779270634
247.5 107.5 0.011516314779270634
247.5 112.5 0.011516314779270634
247.5 117.5 0.007677543186180422
247.5 122.5 0.003198976327575176
247.5 127.5 0.0012795905310300703
247.5 212.5 6.397952655150352E-4
247.5 217.5 0.0012795905310300703
247.5 222.5 0.0019193857965451055
247.5 227.5 0.005758157389635317
247.5 232.5 0.007037747920665387
247.5 237.5 0.008317338451695458
247.5 242.5 0.008957133717210493
247.5 247.5 0.008957133717210493
247.5 252.5 0.008957133717210493
247.5 257.5 0.007037747920665387
247.5 262.5 0.005758157389635317
247.5 267.5 0.0019193857965451055
247.5 272.5 6.397952655150352E-4
247.5 342.5 6.397952655150352E-4
247.5 347.5 6.397952655150352E-4
247.5 352.5 6.397952655150352E-4
247.5 357.5 6.397952655150352E-4
252.5 2.5 0.0012795905310300703
252.5 7.5 0.0012795905310300703
252.5 12.5 0.0012795905310300703
252.5 17.5 0.0012795905310300703
252.5 22.5 0.0012795905310300703
252.5 27.5 6.397952655150352E-4
252.5 32.5 0.0012795905310300703
252.5 37.5 0.0012795905310300703
252.5 42.5 0.0019193857965451055
252.5 47.5 0.004478566858605247
252.5 52.5 0.005758157389635317
252.5 57.5 0.005758157389635317
252.5 62.5 0.005758157389635317
252.5 67.5 0.007037747920665387
252.5 72.5 0.008317338451695458
252.5 77.5 0.010236724248240563
252.5 82.5 0.011516314779270634
252.5 87.5 0.012795905310300703
252.5 92.5 0.019193857965451054
252.5 97.5 0.023672424824056303
252.5 102.5 0.03390914907229686
252.5 107.5 0.037747920665387076
252.5 112.5 0.0345489443378119
252.5 117.5 0.023672424824056303
252.5 122.5 0.012795905310300703
252.5 127.5 0.007677543186180422
252.5 132.5 0.0019193857965451055
252.5 207.5 6.397952655150352E-4
252.5 212.5 0.0012795905310300703
252.5 217.5 0.0019193857965451055
252.5 222.5 0.005758157389635317
252.5 227.5 0.005758157389635317
252.5 232.5 0.008317338451695458
252.5 237.5 0.010236724248240563
252.5 242.5 0.011516314779270634
252.5 247.5 0.011516314779270634
252.5 252.5 0.011516314779270634
252.5 257.5 0.009596928982725527
252.5 262.5 0.007037747920665387
252.5 267.5 0.005758157389635317
252.5 272.5 0.0012795905310300703
252.5 277.5 6.397952655150352E-4
252.5 327.5 6.397952655150352E-4
252.5 332.5 0.0012795905310300703
252.5 337.5 0.0019193857965451055
252.5 342.5 0.003198976327575176
252.5 347.5 0.003838771593090211
252.5 352.5 0.003198976327575176
252.5 357.5 0.0019193857965451055
257.5 2.5 0.007037747920665387
257.5 7.5 0.007037747920665387
257.5 12.5 0.007037747920665387
257.5 17.5 0.007037747920665387
257.5 22.5 0.005758157389635317
257.5 27.5 0.005758157389635317
257.5 32.5 0.005758157389635317
257.5 37.5 0.005758157389635317
257.5 42.5 0.007677543186180422
257.5 47.5 0.008957133717210493
257.5 52.5 0.010876519513755598
257.5 57.5 0.011516314779270634
257.5 62.5 0.011516314779270634
257.5 67.5 0.014075495841330775
257.5 72.5 0.018554062699936022
257.5 77.5 0.019193857965451054
257.5 82.5 0.023672424824056303
257.5 87.5 0.0345489443378119
257.5 92.5 0.04926423544465771
257.5 97.5 0.05950095969289827
257.5 102.5 0.07165706973768395
257.5 107.5 0.07613563659628919
257.5 112.5 0.07357645553422905
257.5 117.5 0.060780550223928344
257.5 122.5 0.04094689699296225
257.5 127.5 0.01727447216890595
257.5 132.5 0.008317338451695458
257.5 137.5 0.0012795905310300703
257.5 207.5 0.0012795905310300703
257.5 212.5 0.0012795905310300703
257.5 217.5 0.0019193857965451055
257.5 222.5 0.005758157389635317
257.5 227.5 0.007037747920665387
257.5 232.5 0.008957133717210493
257.5 237.5 0.011516314779270634
257.5 242.5 0.011516314779270634
257.5 247.5 0.011516314779270634
257.5 252.5 0.011516314779270634
257.5 257.5 0.011516314779270634
257.5 262.5 0.010236724248240563
257.5 267.5 0.007037747920665387
257.5 272.5 0.004478566858605247
257.5 277.5 0.0012795905310300703
257.5 312.5 6.397952655150352E-4
257.5 317.5 0.0012795905310300703
257.5 322.5 0.0019193857965451055
257.5 327.5 0.005758157389635317
257.5 332.5 0.007037747920665387
257.5 337.5 0.008957133717210493
257.5 342.5 0.010236724248240563
257.5 347.5 0.011516314779270634
257.5 352.5 0.010236724248240563
257.5 357.5 0.008317338451695458
262.5 2.5 0.01727447216890595
262.5 7.5 0.01727447216890595
262.5 12.5 0.01727447216890595
262.5 17.5 0.016634676903390915
262.5 22.5 0.01471529110684581
262.5 27.5 0.014075495841330775
262.5 32.5 0.012795905310300703
262.5 37.5 0.012795905310300703
262.5 42.5 0.014075495841330775
262.5 47.5 0.015355086372360844
262.5 52.5 0.019193857965451054
262.5 57.5 0.01983365323096609
262.5 62.5 0.025591810620601407
262.5 67.5 0.0345489443378119
262.5 72.5 0.03966730646193218
262.5 77.5 0.044785668586052464
262.5 82.5 0.053742802303262956
262.5 87.5 0.07229686500319897
262.5 92.5 0.1017274472168906
262.5 97.5 0.12987843889955214
262.5 102.5 0.15355086372360843
262.5 107.5 0.15930902111324377
262.5 112.5 0.145233525271913
262.5 117.5 0.11004478566858605
262.5 122.5 0.07229686500319897
262.5 127.5 0.04350607805502239
262.5 132.5 0.01471529110684581
262.5 137.5 0.006397952655150352
262.5 142.5 6.397952655150352E-4
262.5 207.5 0.0012795905310300703
262.5 212.5 0.0012795905310300703
262.5 217.5 0.0019193857965451055
262.5 222.5 0.005758157389635317
262.5 227.5 0.007037747920665387
262.5 232.5 0.009596928982725527
262.5 237.5 0.011516314779270634
262.5 242.5 0.01215611004478567
262.5 247.5 0.012795905310300703
262.5 252.5 0.014075495841330775
262.5 257.5 0.014075495841330775
262.5 262.5 0.01215611004478567
262.5 267.5 0.011516314779270634
262.5 272.5 0.007677543186180422
262.5 277.5 0.005758157389635317
262.5 282.5 0.0012795905310300703
262.5 287.5 6.397952655150352E-4
262.5 302.5 6.397952655150352E-4
262.5 307.5 0.0012795905310300703
262.5 312.5 0.003198976327575176
262.5 317.5 0.005758157389635317
262.5 322.5 0.008957133717210493
262.5 327.5 0.011516314779270634
262.5 332.5 0.014075495841330775
262.5 337.5 0.019193857965451054
262.5 342.5 0.01983365323096609
262.5 347.5 0.020473448496481125
262.5 352.5 0.01983365323096609
262.5 357.5 0.019193857965451054
267.5 2.5 0.04926423544465771
267.5 7.5 0.05118362124120281
267.5 12.5 0.052463211772232884
267.5 17.5 0.05118362124120281
267.5 22.5 0.04926423544465771
267.5 27.5 0.04350607805502239
267.5 32.5 0.037747920665387076
267.5 37.5 0.03390914907229686
267.5 42.5 0.03326935380678183
267.5 47.5 0.035188739603326934
267.5 52.5 0.037747920665387076
267.5 57.5 0.044785668586052464
267.5 62.5 0.05118362124120281
267.5 67.5 0.0563019833653231
267.5 72.5 0.061420345489443376
267.5 77.5 0.07165706973768395
267.5 82.5 0.1036468330134357
267.5 87.5 0.1561100447856686
267.5 92.5 0.21880998080614203
267.5 97.5 0.27575175943698016
267.5 102.5 0.3122200895713372
267.5 107.5 0.30070377479206656
267.5 112.5 0.25399872040946897
267.5 117.5 0.18873960332693537
267.5 122.5 0.1145233525271913
267.5 127.5 0.06269993602047345
267.5 132.5 0.027511196417146513
267.5 137.5 0.011516314779270634
267.5 142.5 0.0019193857965451055
267.5 207.5 0.0012795905310300703
267.5 212.5 0.0012795905310300703
267.5 217.5 0.0019193857965451055
267.5 222.5 0.005758157389635317
267.5 227.5 0.007037747920665387
267.5 232.5 0.008957133717210493
267.5 237.5 0.011516314779270634
267.5 242.5 0.012795905310300703
267.5 247.5 0.01727447216890595
267.5 252.5 0.01983365323096609
267.5 257.5 0.02111324376199616
267.5 262.5 0.02111324376199616
267.5 267.5 0.019193857965451054
267.5 272.5 0.01471529110684581
267.5 277.5 0.011516314779270634
267.5 282.5 0.007677543186180422
267.5 287.5 0.005758157389635317
267.5 292.5 0.0019193857965451055
267.5 297.5 0.0019193857965451055
267.5 302.5 0.005758157389635317
267.5 307.5 0.007037747920665387
267.5 312.5 0.010876519513755598
267.5 317.5 0.012795905310300703
267.5 322.5 0.019193857965451054
267.5 327.5 0.02495201535508637
267.5 332.5 0.036468330134357005
267.5 337.5 0.04350607805502239
267.5 342.5 0.04862444017914268
267.5 347.5 0.04926423544465771
267.5 352.5 0.04926423544465771
267.5 357.5 0.04862444017914268
272.5 2.5 0.10684580934101087
272.5 7.5 0.11964171465131158
272.5 12.5 0.11964171465131158
272.5 17.5 0.11068458093410109
272.5 22.5 0.09852847088931542
272.5 27.5 0.07741522712731926
272.5 32.5 0.06973768394113884
272.5 37.5 0.05950095969289827
272.5 42.5 0.05566218809980806
272.5 47.5 0.0563019833653231
272.5 52.5 0.060780550223928344
272.5 57.5 0.06973768394113884
272.5 62.5 0.07677543186180422
272.5 67.5 0.09021113243761997
272.5 72.5 0.10300703774792067
272.5 77.5 0.127319257837492
272.5 82.5 0.20089571337172105
272.5 87.5 0.31541906589891233
272.5 92.5 0.4017914267434421
272.5 97.5 0.4760076775431862
272.5 102.5 0.5003198976327575
272.5 107.5 0.4715291106845809
272.5 112.5 0.3921944977607166
272.5 117.5 0.2866282789507358
272.5 122.5 0.16826615483045426
272.5 127.5 0.08509277031349968
272.5 132.5 0.046065259117082535
272.5 137.5 0.01471529110684581
272.5 142.5 0.005758157389635317
272.5 147.5 6.397952655150352E-4
272.5 207.5 6.397952655150352E-4
272.5 212.5 0.0012795905310300703
272.5 217.5 0.0019193857965451055
272.5 222.5 0.003838771593090211
272.5 227.5 0.005758157389635317
272.5 232.5 0.008317338451695458
272.5 237.5 0.011516314779270634
272.5 242.5 0.01471529110684581
272.5 247.5 0.023672424824056303
272.5 252.5 0.03390914907229686
272.5 257.5 0.045425463851567496
272.5 262.5 0.053742802303262956
272.5 267.5 0.05566218809980806
272.5 272.5 0.05054382597568778
272.5 277.5 0.03390914907229686
272.5 282.5 0.019193857965451054
272.5 287.5 0.011516314779270634
272.5 292.5 0.008957133717210493
272.5 297.5 0.008317338451695458
272.5 302.5 0.011516314779270634
272.5 307.5 0.014075495841330775
272.5 312.5 0.01983365323096609
272.5 317.5 0.0345489443378119
272.5 322.5 0.04926423544465771
272.5 327.5 0.0563019833653231
272.5 332.5 0.06589891234804862
272.5 337.5 0.07229686500319897
272.5 342.5 0.07677543186180422
272.5 347.5 0.08125399872040946
272.5 352.5 0.0838131797824696
272.5 357.5 0.09341010876519514
277.5 2.5 0.22968650031989762
277.5 7.5 0.24248240563019835
277.5 12.5 0.2380038387715931
277.5 17.5 0.21177223288547664
277.5 22.5 0.17018554062699937
277.5 27.5 0.13307741522712732
277.5 32.5 0.10620601407549585
277.5 37.5 0.08765195137555983
277.5 42.5 0.08061420345489444
277.5 47.5 0.08061420345489444
277.5 52.5 0.08893154190658989
277.5 57.5 0.10684580934101087
277.5 62.5 0.13115802943058222
277.5 67.5 0.1561100447856686
277.5 72.5 0.19129878438899553
277.5 77.5 0.24824056301983366
277.5 82.5 0.3704414587332054
277.5 87.5 0.5246321177223289
277.5 92.5 0.6148432501599488
277.5 97.5 0.6679462571976967
277.5 102.5 0.6903390914907229
277.5 107.5 0.654510556621881
277.5 112.5 0.5796545105566219
277.5 117.5 0.4152271273192578
277.5 122.5 0.2348048624440179
277.5 127.5 0.10684580934101087
277.5 132.5 0.053742802303262956
277.5 137.5 0.023672424824056303
277.5 142.5 0.010236724248240563
277.5 147.5 0.0019193857965451055
277.5 152.5 6.397952655150352E-4
277.5 207.5 6.397952655150352E-4
277.5 212.5 0.0012795905310300703
277.5 217.5 0.0012795905310300703
277.5 222.5 0.0019193857965451055
277.5 227.5 0.005758157389635317
277.5 232.5 0.007037747920665387
277.5 237.5 0.011516314779270634
277.5 242.5 0.019193857965451054
277.5 247.5 0.030710172744721688
277.5 252.5 0.05182341650671785
277.5 257.5 0.07485604606525911
277.5 262.5 0.10684580934101087
277.5 267.5 0.12220089571337173
277.5 272.5 0.11132437619961612
277.5 277.5 0.08061420345489444
277.5 282.5 0.05118362124120281
277.5 287.5 0.025591810620601407
277.5 292.5 0.016634676903390915
277.5 297.5 0.01471529110684581
277.5 302.5 0.019193857965451054
277.5 307.5 0.028790786948176585
277.5 312.5 0.04862444017914268
277.5 317.5 0.06269993602047345
277.5 322.5 0.0799744081893794
277.5 327.5 0.1017274472168906
277.5 332.5 0.11900191938579655
277.5 337.5 0.13307741522712732
277.5 342.5 0.14587332053742802
277.5 347.5 0.15355086372360843
277.5 352.5 0.16826615483045426
277.5 357.5 0.20025591810620602
282.5 2.5 0.36340371081253997
282.5 7.5 0.36788227767114523
282.5 12.5 0.34612923864363404
282.5 17.5 0.30902111324376197
282.5 22.5 0.24056301983365322
282.5 27.5 0.18490083173384517
282.5 32.5 0.1381957773512476
282.5 37.5 0.11324376199616124
282.5 42.5 0.10620601407549585
282.5 47.5 0.10684580934101087
282.5 52.5 0.12156110044785669
282.5 57.5 0.15355086372360843
282.5 62.5 0.20281509916826615
282.5 67.5 0.2616762635956494
282.5 72.5 0.3352527191298784
282.5 77.5 0.4440179142674344
282.5 82.5 0.5988483685220729
282.5 87.5 0.7204094689699296
282.5 92.5 0.7875879718490083
282.5 97.5 0.8272552783109405
282.5 102.5 0.8496481126039668
282.5 107.5 0.8163787587971849
282.5 112.5 0.7415227127319258
282.5 117.5 0.5860524632117722
282.5 122.5 0.3365323096609085
282.5 127.5 0.13947536788227768
282.5 132.5 0.062060140754958415
282.5 137.5 0.03390914907229686
282.5 142.5 0.014075495841330775
282.5 147.5 0.007677543186180422
282.5 152.5 0.0019193857965451055
282.5 157.5 0.0012795905310300703
282.5 212.5 6.397952655150352E-4
282.5 217.5 0.0012795905310300703
282.5 222.5 0.0012795905310300703
282.5 227.5 0.0019193857965451055
282.5 232.5 0.005758157389635317
282.5 237.5 0.011516314779270634
282.5 242.5 0.019193857965451054
282.5 247.5 0.04030710172744722
282.5 252.5 0.07229686500319897
282.5 257.5 0.12603966730646193
282.5 262.5 0.19129878438899553
282.5 267.5 0.218170185540627
282.5 272.5 0.20793346129238643
282.5 277.5 0.1548304542546385
282.5 282.5 0.0927703134996801
282.5 287.5 0.053742802303262956
282.5 292.5 0.0345489443378119
282.5 297.5 0.027511196417146513
282.5 302.5 0.0345489443378119
282.5 307.5 0.05054382597568778
282.5 312.5 0.0710172744721689
282.5 317.5 0.09532949456174024
282.5 322.5 0.12476007677543186
282.5 327.5 0.16634676903390916
282.5 332.5 0.20601407549584133
282.5 337.5 0.25015994881637876
282.5 342.5 0.27383237364043506
282.5 347.5 0.29494561740243125
282.5 352.5 0.31541906589891233
282.5 357.5 0.33589251439539347
287.5 2.5 0.44977607165706973
287.5 7.5 0.44337811900191937
287.5 12.5 0.40115163147792704
287.5 17.5 0.3429302623160589
287.5 22.5 0.2687140115163148
287.5 27.5 0.2034548944337812
287.5 32.5 0.15355086372360843
287.5 37.5 0.12476007677543186
287.5 42.5 0.11324376199616124
287.5 47.5 0.11964171465131158
287.5 52.5 0.14651311580294304
287.5 57.5 0.19897632757517594
287.5 62.5 0.2674344209852847
287.5 67.5 0.3550863723608445
287.5 72.5 0.4753678822776711
287.5 77.5 0.6142034548944337
287.5 82.5 0.7530390275111964
287.5 87.5 0.855406269993602
287.5 92.5 0.9251439539347409
287.5 97.5 0.9532949456174025
287.5 102.5 0.9692898272552783
287.5 107.5 0.9436980166346769
287.5 112.5 0.8605246321177223
287.5 117.5 0.7056941778630839
287.5 122.5 0.4420985284708893
287.5 127.5 0.19385796545105566
287.5 132.5 0.07677543186180422
287.5 137.5 0.04734484964811261
287.5 142.5 0.02111324376199616
287.5 147.5 0.01215611004478567
287.5 152.5 0.007677543186180422
287.5 157.5 0.003838771593090211
287.5 162.5 0.0012795905310300703
287.5 222.5 6.397952655150352E-4
287.5 227.5 0.0012795905310300703
287.5 232.5 0.005758157389635317
287.5 237.5 0.010236724248240563
287.5 242.5 0.019193857965451054
287.5 247.5 0.046065259117082535
287.5 252.5 0.09085092770313499
287.5 257.5 0.17018554062699937
287.5 262.5 0.2578374920025592
287.5 267.5 0.30326295585412666
287.5 272.5 0.2872680742162508
287.5 277.5 0.2220089571337172
287.5 282.5 0.13947536788227768
287.5 287.5 0.07485604606525911
287.5 292.5 0.05182341650671785
287.5 297.5 0.04350607805502239
287.5 302.5 0.04926423544465771
287.5 307.5 0.06269993602047345
287.5 312.5 0.09021113243761997
287.5 317.5 0.1253998720409469
287.5 322.5 0.17018554062699937
287.5 327.5 0.2380038387715931
287.5 332.5 0.33013435700575816
287.5 337.5 0.3902751119641715
287.5 342.5 0.4312220089571337
287.5 347.5 0.4440179142674344
287.5 352.5 0.44081893793985927
287.5 357.5 0.44081893793985927
292.5 2.5 0.4638515674984005
292.5 7.5 0.43761996161228406
292.5 12.5 0.3889955214331414
292.5 17.5 0.327575175943698
292.5 22.5 0.24120281509916827
292.5 27.5 0.18106206014075496
292.5 32.5 0.1381957773512476
292.5 37.5 0.11772232885476648
292.5 42.5 0.10748560460652591
292.5 47.5 0.11708253358925144
292.5 52.5 0.1509916826615483
292.5 57.5 0.21305182341650672
292.5 62.5 0.30646193218170187
292.5 67.5 0.4056301983365323
292.5 72.5 0.5534229046705055
292.5 77.5 0.6986564299424184
292.5 82.5 0.8125399872040947
292.5 87.5 0.9187460012795905
292.5 92.5 0.9654510556621881
292.5 97.5 0.9948816378758797
292.5 102.5 1.0
292.5 107.5 0.9897632757517595
292.5 112.5 0.9193857965451055
292.5 117.5 0.7587971849008317
292.5 122.5 0.5131158029430583
292.5 127.5 0.2380038387715931
292.5 132.5 0.10620601407549585
292.5 137.5 0.0582213691618682
292.5 142.5 0.0345489443378119
292.5 147.5 0.019193857965451054
292.5 152.5 0.011516314779270634
292.5 157.5 0.007677543186180422
292.5 162.5 0.003198976327575176
292.5 167.5 0.0012795905310300703
292.5 227.5 6.397952655150352E-4
292.5 232.5 0.0012795905310300703
292.5 237.5 0.007037747920665387
292.5 242.5 0.01471529110684581
292.5 247.5 0.04350607805502239
292.5 252.5 0.09341010876519514
292.5 257.5 0.18618042226487524
292.5 262.5 0.27383237364043506
292.5 267.5 0.3307741522712732
292.5 272.5 0.32309660908509275
292.5 277.5 0.25399872040946897
292.5 282.5 0.16698656429942418
292.5 287.5 0.0927703134996801
292.5 292.5 0.060780550223928344
292.5 297.5 0.05118362124120281
292.5 302.5 0.05438259756877799
292.5 307.5 0.07165706973768395
292.5 312.5 0.10492642354446577
292.5 317.5 0.14651311580294304
292.5 322.5 0.2053742802303263
292.5 327.5 0.30134357005758156
292.5 332.5 0.39923224568138194
292.5 337.5 0.49392194497760716
292.5 342.5 0.5342290467050543
292.5 347.5 0.5399872040946897
292.5 352.5 0.5156749840051184
292.5 357.5 0.4875239923224568
297.5 2.5 0.3921944977607166
297.5 7.5 0.3563659628918746
297.5 12.5 0.3122200895713372
297.5 17.5 0.2309660908509277
297.5 22.5 0.1695457453614843
297.5 27.5 0.13115802943058222
297.5 32.5 0.10620601407549585
297.5 37.5 0.09213051823416507
297.5 42.5 0.08765195137555983
297.5 47.5 0.09724888035828536
297.5 52.5 0.12987843889955214
297.5 57.5 0.19385796545105566
297.5 62.5 0.2744721689059501
297.5 67.5 0.38835572616762637
297.5 72.5 0.5457453614843251
297.5 77.5 0.691618682021753
297.5 82.5 0.7946257197696737
297.5 87.5 0.8803582853486884
297.5 92.5 0.9315419065898912
297.5 97.5 0.9552143314139475
297.5 102.5 0.9769673704414588
297.5 107.5 0.9648112603966731
297.5 112.5 0.8963531669865643
297.5 117.5 0.7492002559181062
297.5 122.5 0.5297504798464492
297.5 127.5 0.26615483045425464
297.5 132.5 0.12476007677543186
297.5 137.5 0.07165706973768395
297.5 142.5 0.045425463851567496
297.5 147.5 0.025591810620601407
297.5 152.5 0.01727447216890595
297.5 157.5 0.011516314779270634
297.5 162.5 0.007037747920665387
297.5 167.5 0.0012795905310300703
297.5 232.5 6.397952655150352E-4
297.5 237.5 0.003838771593090211
297.5 242.5 0.011516314779270634
297.5 247.5 0.030070377479206652
297.5 252.5 0.07485604606525911
297.5 257.5 0.15355086372360843
297.5 262.5 0.23864363403710812
297.5 267.5 0.28982725527831094
297.5 272.5 0.28150991682661547
297.5 277.5 0.22840690978886757
297.5 282.5 0.15355086372360843
297.5 287.5 0.09213051823416507
297.5 292.5 0.06269993602047345
297.5 297.5 0.052463211772232884
297.5 302.5 0.05502239283429303
297.5 307.5 0.07165706973768395
297.5 312.5 0.1036468330134357
297.5 317.5 0.14651311580294304
297.5 322.5 0.2072936660268714
297.5 327.5 0.31541906589891233
297.5 332.5 0.4152271273192578
297.5 337.5 0.510556621880998
297.5 342.5 0.5508637236084453
297.5 347.5 0.5483045425463852
297.5 352.5 0.5073576455534229
297.5 357.5 0.44337811900191937
302.5 2.5 0.26615483045425464
302.5 7.5 0.21880998080614203
302.5 12.5 0.1689059500959693
302.5 17.5 0.12284069097888675
302.5 22.5 0.09404990403071017
302.5 27.5 0.07549584133077415
302.5 32.5 0.07037747920665387
302.5 37.5 0.06269993602047345
302.5 42.5 0.061420345489443376
302.5 47.5 0.06973768394113884
302.5 52.5 0.09021113243761997
302.5 57.5 0.13947536788227768
302.5 62.5 0.2092130518234165
302.5 67.5 0.30838131797824697
302.5 72.5 0.43186180422264875
302.5 77.5 0.5847728726807422
302.5 82.5 0.6986564299424184
302.5 87.5 0.763275751759437
302.5 92.5 0.7946257197696737
302.5 97.5 0.8208573256557902
302.5 102.5 0.855406269993602
302.5 107.5 0.8586052463211772
302.5 112.5 0.7959053103007038
302.5 117.5 0.6877799104286628
302.5 122.5 0.49392194497760716
302.5 127.5 0.26615483045425464
302.5 132.5 0.1362763915547025
302.5 137.5 0.07485604606525911
302.5 142.5 0.05118362124120281
302.5 147.5 0.0345489443378119
302.5 152.5 0.01983365323096609
302.5 157.5 0.012795905310300703
302.5 162.5 0.008317338451695458
302.5 167.5 0.0019193857965451055
302.5 172.5 6.397952655150352E-4
302.5 237.5 0.0012795905310300703
302.5 242.5 0.007037747920665387
302.5 247.5 0.016634676903390915
302.5 252.5 0.05118362124120281
302.5 257.5 0.1017274472168906
302.5 262.5 0.16634676903390916
302.5 267.5 0.20409468969929623
302.5 272.5 0.20409468969929623
302.5 277.5 0.16826615483045426
302.5 282.5 0.11772232885476648
302.5 287.5 0.07549584133077415
302.5 292.5 0.05694177863083813
302.5 297.5 0.04926423544465771
302.5 302.5 0.05118362124120281
302.5 307.5 0.061420345489443376
302.5 312.5 0.08637236084452975
302.5 317.5 0.12284069097888675
302.5 322.5 0.17210492642354447
302.5 327.5 0.2597568777991043
302.5 332.5 0.36084452975047987
302.5 337.5 0.44273832373640437
302.5 342.5 0.4856046065259117
302.5 347.5 0.46705054382597566
302.5 352.5 0.4056301983365323
302.5 357.5 0.3352527191298784
307.5 2.5 0.13115802943058222
307.5 7.5 0.09724888035828536
307.5 12.5 0.07165706973768395
307.5 17.5 0.053742802303262956
307.5 22.5 0.04798464491362764
307.5 27.5 0.04350607805502239
307.5 32.5 0.04222648752399232
307.5 37.5 0.037747920665387076
307.5 42.5 0.036468330134357005
307.5 47.5 0.04350607805502239
307.5 52.5 0.05438259756877799
307.5 57.5 0.08125399872040946
307.5 62.5 0.12284069097888675
307.5 67.5 0.17978246960972488
307.5 72.5 0.26039667306461933
307.5 77.5 0.3666026871401152
307.5 82.5 0.48624440179142675
307.5 87.5 0.5547024952015355
307.5 92.5 0.5866922584772872
307.5 97.5 0.6225207933461292
307.5 102.5 0.6717850287907869
307.5 107.5 0.6980166346769033
307.5 112.5 0.6570697376839412
307.5 117.5 0.5726167626359565
307.5 122.5 0.40115163147792704
307.5 127.5 0.23864363403710812
307.5 132.5 0.13179782469609724
307.5 137.5 0.07485604606525911
307.5 142.5 0.05182341650671785
307.5 147.5 0.036468330134357005
307.5 152.5 0.021753039027511197
307.5 157.5 0.013435700575815739
307.5 162.5 0.008957133717210493
307.5 167.5 0.0019193857965451055
307.5 172.5 6.397952655150352E-4
307.5 242.5 0.0019193857965451055
307.5 247.5 0.009596928982725527
307.5 252.5 0.01983365323096609
307.5 257.5 0.052463211772232884
307.5 262.5 0.0838131797824696
307.5 267.5 0.11068458093410109
307.5 272.5 0.11772232885476648
307.5 277.5 0.10300703774792067
307.5 282.5 0.07549584133077415
307.5 287.5 0.060140754958413305
307.5 292.5 0.04926423544465771
307.5 297.5 0.04222648752399232
307.5 302.5 0.04222648752399232
307.5 307.5 0.04926423544465771
307.5 312.5 0.06397952655150352
307.5 317.5 0.08765195137555983
307.5 322.5 0.12220089571337173
307.5 327.5 0.17018554062699937
307.5 332.5 0.24312220089571338
307.5 337.5 0.3160588611644274
307.5 342.5 0.33589251439539347
307.5 347.5 0.32309660908509275
307.5 352.5 0.25399872040946897
307.5 357.5 0.18106206014075496
312.5 2.5 0.05438259756877799
312.5 7.5 0.037747920665387076
312.5 12.5 0.023032629558541268
312.5 17.5 0.01727447216890595
312.5 22.5 0.016634676903390915
312.5 27.5 0.016634676903390915
312.5 32.5 0.01471529110684581
312.5 37.5 0.013435700575815739
312.5 42.5 0.01471529110684581
312.5 47.5 0.018554062699936022
312.5 52.5 0.023672424824056303
312.5 57.5 0.04350607805502239
312.5 62.5 0.061420345489443376
312.5 67.5 0.08637236084452975
312.5 72.5 0.11516314779270634
312.5 77.5 0.163787587971849
312.5 82.5 0.21497120921305182
312.5 87.5 0.26423544465770954
312.5 92.5 0.29942418426103645
312.5 97.5 0.34420985284708894
312.5 102.5 0.4209852847088932
312.5 107.5 0.4817658349328215
312.5 112.5 0.47856685860524634
312.5 117.5 0.4075495841330774
312.5 122.5 0.30838131797824697
312.5 127.5 0.19385796545105566
312.5 132.5 0.11068458093410109
312.5 137.5 0.07165706973768395
312.5 142.5 0.05118362124120281
312.5 147.5 0.0345489443378119
312.5 152.5 0.01983365323096609
312.5 157.5 0.01215611004478567
312.5 162.5 0.007677543186180422
312.5 167.5 0.0019193857965451055
312.5 242.5 6.397952655150352E-4
312.5 247.5 0.005758157389635317
312.5 252.5 0.011516314779270634
312.5 257.5 0.01983365323096609
312.5 262.5 0.04222648752399232
312.5 267.5 0.05438259756877799
312.5 272.5 0.060780550223928344
312.5 277.5 0.0582213691618682
312.5 282.5 0.05182341650671785
312.5 287.5 0.04350607805502239
312.5 292.5 0.0345489443378119
312.5 297.5 0.028790786948176585
312.5 302.5 0.026871401151631478
312.5 307.5 0.03198976327575176
312.5 312.5 0.04350607805502239
312.5 317.5 0.0563019833653231
312.5 322.5 0.07357645553422905
312.5 327.5 0.09724888035828536
312.5 332.5 0.12412028150991683
312.5 337.5 0.1548304542546385
312.5 342.5 0.16698656429942418
312.5 347.5 0.14779270633397312
312.5 352.5 0.11004478566858605
312.5 357.5 0.07485604606525911
317.5 2.5 0.018554062699936022
317.5 7.5 0.011516314779270634
317.5 12.5 0.008317338451695458
317.5 17.5 0.007037747920665387
317.5 22.5 0.007037747920665387
317.5 27.5 0.007037747920665387
317.5 32.5 0.005758157389635317
317.5 37.5 0.005758157389635317
317.5 42.5 0.007037747920665387
317.5 47.5 0.008957133717210493
317.5 52.5 0.011516314779270634
317.5 57.5 0.01471529110684581
317.5 62.5 0.023672424824056303
317.5 67.5 0.04350607805502239
317.5 72.5 0.05438259756877799
317.5 77.5 0.06589891234804862
317.5 82.5 0.07741522712731926
317.5 87.5 0.0927703134996801
317.5 92.5 0.10748560460652591
317.5 97.5 0.1362763915547025
317.5 102.5 0.20025591810620602
317.5 107.5 0.2591170825335892
317.5 112.5 0.28087012156110047
317.5 117.5 0.2565579014715291
317.5 122.5 0.19897632757517594
317.5 127.5 0.13115802943058222
317.5 132.5 0.0818937939859245
317.5 137.5 0.0582213691618682
317.5 142.5 0.04350607805502239
317.5 147.5 0.02495201535508637
317.5 152.5 0.015355086372360844
317.5 157.5 0.011516314779270634
317.5 162.5 0.005758157389635317
317.5 167.5 0.0012795905310300703
317.5 247.5 0.0012795905310300703
317.5 252.5 0.005758157389635317
317.5 257.5 0.011516314779270634
317.5 262.5 0.01727447216890595
317.5 267.5 0.02431222008957134
317.5 272.5 0.03134996801023673
317.5 277.5 0.03134996801023673
317.5 282.5 0.027511196417146513
317.5 287.5 0.023672424824056303
317.5 292.5 0.01983365323096609
317.5 297.5 0.019193857965451054
317.5 302.5 0.019193857965451054
317.5 307.5 0.019193857965451054
317.5 312.5 0.020473448496481125
317.5 317.5 0.02943058221369162
317.5 322.5 0.04350607805502239
317.5 327.5 0.05118362124120281
317.5 332.5 0.05886116442738324
317.5 337.5 0.06397952655150352
317.5 342.5 0.06269993602047345
317.5 347.5 0.05502239283429303
317.5 352.5 0.04350607805502239
317.5 357.5 0.02495201535508637
322.5 2.5 0.005758157389635317
322.5 7.5 0.0019193857965451055
322.5 12.5 0.0012795905310300703
322.5 17.5 6.397952655150352E-4
322.5 22.5 6.397952655150352E-4
322.5 27.5 6.397952655150352E-4
322.5 32.5 6.397952655150352E-4
322.5 37.5 6.397952655150352E-4
322.5 42.5 0.0012795905310300703
322.5 47.5 0.0012795905310300703
322.5 52.5 0.005758157389635317
322.5 57.5 0.007677543186180422
322.5 62.5 0.011516314779270634
322.5 67.5 0.01471529110684581
322.5 72.5 0.02111324376199616
322.5 77.5 0.028790786948176585
322.5 82.5 0.036468330134357005
322.5 87.5 0.04350607805502239
322.5 92.5 0.05054382597568778
322.5 97.5 0.06269993602047345
322.5 102.5 0.08829174664107485
322.5 107.5 0.12156110044785669
322.5 112.5 0.14395393474088292
322.5 117.5 0.1362763915547025
322.5 122.5 0.10876519513755598
322.5 127.5 0.07613563659628919
322.5 132.5 0.05886116442738324
322.5 137.5 0.04670505438259757
322.5 142.5 0.028790786948176585
322.5 147.5 0.01727447216890595
322.5 152.5 0.011516314779270634
322.5 157.5 0.007037747920665387
322.5 162.5 0.0012795905310300703
322.5 252.5 0.0012795905310300703
322.5 257.5 0.005758157389635317
322.5 262.5 0.008957133717210493
322.5 267.5 0.011516314779270634
322.5 272.5 0.012795905310300703
322.5 277.5 0.014075495841330775
322.5 282.5 0.013435700575815739
322.5 287.5 0.012795905310300703
322.5 292.5 0.011516314779270634
322.5 297.5 0.011516314779270634
322.5 302.5 0.011516314779270634
322.5 307.5 0.011516314779270634
322.5 312.5 0.011516314779270634
322.5 317.5 0.012795905310300703
322.5 322.5 0.016634676903390915
322.5 327.5 0.019193857965451054
322.5 332.5 0.02111324376199616
322.5 337.5 0.01983365323096609
322.5 342.5 0.019193857965451054
322.5 347.5 0.012795905310300703
322.5 352.5 0.011516314779270634
322.5 357.5 0.007677543186180422
327.5 52.5 0.0012795905310300703
327.5 57.5 0.0012795905310300703
327.5 62.5 0.005758157389635317
327.5 67.5 0.007677543186180422
327.5 72.5 0.011516314779270634
327.5 77.5 0.011516314779270634
327.5 82.5 0.014075495841330775
327.5 87.5 0.017914267434420986
327.5 92.5 0.02111324376199616
327.5 97.5 0.03134996801023673
327.5 102.5 0.046065259117082535
327.5 107.5 0.0563019833653231
327.5 112.5 0.06461932181701856
327.5 117.5 0.06397952655150352
327.5 122.5 0.0563019833653231
327.5 127.5 0.04926423544465771
327.5 132.5 0.037747920665387076
327.5 137.5 0.02495201535508637
327.5 142.5 0.015355086372360844
327.5 147.5 0.010236724248240563
327.5 152.5 0.005758157389635317
327.5 157.5 0.0012795905310300703
327.5 257.5 0.0012795905310300703
327.5 262.5 0.0019193857965451055
327.5 267.5 0.005758157389635317
327.5 272.5 0.007037747920665387
327.5 277.5 0.007677543186180422
327.5 282.5 0.007677543186180422
327.5 287.5 0.007037747920665387
327.5 292.5 0.007037747920665387
327.5 297.5 0.007037747920665387
327.5 302.5 0.007037747920665387
327.5 307.5 0.007037747920665387
327.5 312.5 0.007037747920665387
327.5 317.5 0.007037747920665387
327.5 322.5 0.007037747920665387
327.5 327.5 0.007677543186180422
327.5 332.5 0.007677543186180422
327.5 337.5 0.007037747920665387
327.5 342.5 0.005758157389635317
327.5 347.5 0.0019193857965451055
327.5 352.5 0.0012795905310300703
327.5 357.5 6.397952655150352E-4
332.5 62.5 0.0012795905310300703
332.5 67.5 0.0019193857965451055
332.5 72.5 0.005758157389635317
332.5 77.5 0.007037747920665387
332.5 82.5 0.008317338451695458
332.5 87.5 0.010876519513755598
332.5 92.5 0.011516314779270634
332.5 97.5 0.012795905310300703
332.5 102.5 0.019193857965451054
332.5 107.5 0.023032629558541268
332.5 112.5 0.026231605886116442
332.5 117.5 0.028790786948176585
332.5 122.5 0.025591810620601407
332.5 127.5 0.023032629558541268
332.5 132.5 0.018554062699936022
332.5 137.5 0.011516314779270634
332.5 142.5 0.007037747920665387
332.5 147.5 0.0019193857965451055
332.5 152.5 6.397952655150352E-4
332.5 267.5 0.0012795905310300703
332.5 272.5 0.0012795905310300703
332.5 277.5 0.0012795905310300703
332.5 282.5 0.0012795905310300703
332.5 287.5 0.0012795905310300703
332.5 292.5 0.0012795905310300703
332.5 297.5 0.0019193857965451055
332.5 302.5 0.0019193857965451055
332.5 307.5 0.0012795905310300703
332.5 312.5 0.0012795905310300703
332.5 317.5 0.0012795905310300703
332.5 322.5 0.0012795905310300703
332.5 327.5 0.0012795905310300703
332.5 332.5 0.0012795905310300703
332.5 337.5 0.0012795905310300703
332.5 342.5 6.397952655150352E-4
337.5 67.5 6.397952655150352E-4
337.5 72.5 0.0012795905310300703
337.5 77.5 0.0019193857965451055
337.5 82.5 0.005758157389635317
337.5 87.5 0.005758157389635317
337.5 92.5 0.007677543186180422
337.5 97.5 0.008957133717210493
337.5 102.5 0.010236724248240563
337.5 107.5 0.011516314779270634
337.5 112.5 0.011516314779270634
337.5 117.5 0.01215611004478567
337.5 122.5 0.011516314779270634
337.5 127.5 0.011516314779270634
337.5 132.5 0.007677543186180422
337.5 137.5 0.003198976327575176
337.5 142.5 6.397952655150352E-4
342.5 72.5 6.397952655150352E-4
342.5 77.5 0.0012795905310300703
342.5 82.5 0.0012795905310300703
342.5 87.5 0.0019193857965451055
342.5 92.5 0.003838771593090211
342.5 97.5 0.005758157389635317
342.5 102.5 0.005758157389635317
342.5 107.5 0.005758157389635317
342.5 112.5 0.005758157389635317
342.5 117.5 0.005758157389635317
342.5 122.5 0.005758157389635317
342.5 127.5 0.0019193857965451055
342.5 132.5 0.0012795905310300703
347.5 82.5 6.397952655150352E-4
347.5 87.5 0.0012795905310300703
347.5 92.5 0.0012795905310300703
347.5 97.5 0.0012795905310300703
347.5 102.5 0.0012795905310300703
347.5 107.5 0.0012795905310300703
347.5 112.5 0.0012795905310300703
347.5 117.5 0.0012795905310300703
347.5 122.5 6.397952655150352E-4
