# Table name/description: "Top500 Ser B<40"
# Number of dimensions: 1
# For each dimension, 1 to 1: lower_bound  upper_bound  number_of_bins  wrapping
#   x1: 0.0 360.0 360 true
# List of table coordinates and values. (Value is last number on each line.)
0.5 1.6661112962345885E-4
1.5 1.6661112962345885E-4
10.5 1.6661112962345885E-4
11.5 1.6661112962345885E-4
12.5 1.6661112962345885E-4
13.5 1.6661112962345885E-4
14.5 1.6661112962345885E-4
15.5 4.998333888703765E-4
16.5 4.998333888703765E-4
17.5 4.998333888703765E-4
18.5 6.664445184938354E-4
19.5 6.664445184938354E-4
20.5 8.330556481172943E-4
21.5 8.330556481172943E-4
22.5 9.99666777740753E-4
23.5 0.0014995001666111296
24.5 0.001999333555481506
25.5 0.0023325558147284237
26.5 0.003165611462845718
27.5 0.003165611462845718
28.5 0.003498833722092636
29.5 0.005331556147950683
30.5 0.008997000999666778
31.5 0.01149616794401866
32.5 0.013495501499500167
33.5 0.014828390536487837
34.5 0.01716094635121626
35.5 0.019493502165944684
36.5 0.022492502499166945
37.5 0.02482505831389537
38.5 0.027657447517494167
39.5 0.03032322559146951
40.5 0.03382205931356214
41.5 0.04015328223925358
42.5 0.04781739420193269
43.5 0.05498167277574142
44.5 0.06447850716427857
45.5 0.08563812062645784
46.5 0.10779740086637787
47.5 0.12245918027324225
48.5 0.13795401532822393
49.5 0.17110963012329222
50.5 0.21592802399200267
51.5 0.25891369543485504
52.5 0.3247250916361213
53.5 0.37504165278240587
54.5 0.5044985004998334
55.5 0.5709763412195935
56.5 0.6226257914028657
57.5 0.692102632455848
58.5 0.7722425858047317
59.5 0.789736754415195
60.5 0.811896034655115
61.5 0.8760413195601466
62.5 0.8995334888370543
63.5 0.9478507164278573
64.5 0.9998333888703765
65.5 0.8740419860046651
66.5 0.9780073308897035
67.5 0.8750416527824059
68.5 0.8427190936354548
69.5 0.823892035988004
70.5 0.7649116961012996
71.5 0.5944685104965012
72.5 0.6076307897367544
73.5 0.5479840053315561
74.5 0.5324891702765745
75.5 0.5133288903698767
76.5 0.39853382205931354
77.5 0.289403532155948
78.5 0.2522492502499167
79.5 0.2397534155281573
80.5 0.19976674441852715
81.5 0.16261246251249584
82.5 0.127457514161946
83.5 0.10546484505164945
84.5 0.09213595468177274
85.5 0.06997667444185271
86.5 0.05981339553482173
87.5 0.05148283905364878
88.5 0.04648450516494502
89.5 0.039320226591136286
90.5 0.03182272575808064
91.5 0.02282572475841386
92.5 0.01766077974008664
93.5 0.014828390536487837
94.5 0.013828723758747084
95.5 0.01299566811062979
96.5 0.011829390203265578
97.5 0.010829723425524825
98.5 0.010496501166277908
99.5 0.009663445518160613
100.5 0.009496834388537155
101.5 0.008997000999666778
102.5 0.008997000999666778
103.5 0.007830723092302566
104.5 0.006497834055314895
105.5 0.004998333888703766
106.5 0.003998667110963012
107.5 0.003332222592469177
108.5 0.003165611462845718
109.5 0.003165611462845718
110.5 0.002165944685104965
111.5 0.0013328890369876708
112.5 8.330556481172943E-4
113.5 6.664445184938354E-4
114.5 4.998333888703765E-4
115.5 4.998333888703765E-4
116.5 4.998333888703765E-4
117.5 4.998333888703765E-4
118.5 3.332222592469177E-4
119.5 1.6661112962345885E-4
120.5 1.6661112962345885E-4
121.5 1.6661112962345885E-4
122.5 1.6661112962345885E-4
123.5 3.332222592469177E-4
124.5 3.332222592469177E-4
125.5 4.998333888703765E-4
126.5 4.998333888703765E-4
127.5 4.998333888703765E-4
128.5 4.998333888703765E-4
129.5 4.998333888703765E-4
130.5 4.998333888703765E-4
131.5 4.998333888703765E-4
132.5 6.664445184938354E-4
133.5 8.330556481172943E-4
134.5 8.330556481172943E-4
135.5 8.330556481172943E-4
136.5 8.330556481172943E-4
137.5 9.99666777740753E-4
138.5 0.0013328890369876708
139.5 0.001999333555481506
140.5 0.002499166944351883
141.5 0.003165611462845718
142.5 0.003165611462845718
143.5 0.003332222592469177
144.5 0.00433188937020993
145.5 0.006497834055314895
146.5 0.008997000999666778
147.5 0.009830056647784071
148.5 0.01149616794401866
149.5 0.012495834721759413
150.5 0.013828723758747084
151.5 0.014661779406864379
152.5 0.01599466844385205
153.5 0.018327224258580473
154.5 0.02015994668443852
155.5 0.022492502499166945
156.5 0.026324558480506497
157.5 0.030156614461846053
158.5 0.03415528157280907
159.5 0.04115294901699434
160.5 0.04981672775741419
161.5 0.06047984005331556
162.5 0.07180939686771076
163.5 0.09063645451516161
164.5 0.10646451182939021
165.5 0.11646117960679774
166.5 0.12829056981006332
167.5 0.13778740419860047
168.5 0.15561479506831055
169.5 0.1837720759746751
170.5 0.25741419526824394
171.5 0.27957347550816397
172.5 0.2925691436187937
173.5 0.3145618127290903
174.5 0.2870709763412196
175.5 0.34388537154281906
176.5 0.398700433188937
177.5 0.41652782405864713
178.5 0.4450183272242586
179.5 0.4850049983338887
180.5 0.4656781072975675
181.5 0.39820059980006667
182.5 0.35938020659780073
183.5 0.33505498167277575
184.5 0.32005998000666447
185.5 0.2717427524158614
186.5 0.22592469176941019
187.5 0.23342219260246586
188.5 0.20643118960346551
189.5 0.16811062979006997
190.5 0.13495501499500168
191.5 0.1121292902365878
192.5 0.09646784405198268
193.5 0.08730423192269243
194.5 0.08347217594135288
195.5 0.0793068977007664
196.5 0.07364211929356881
197.5 0.06447850716427857
198.5 0.05731422859046984
199.5 0.05131622792402533
200.5 0.0461512829056981
201.5 0.03898700433188937
202.5 0.03432189270243252
203.5 0.02999000333222259
204.5 0.02432522492502499
205.5 0.019660113295568143
206.5 0.01716094635121626
207.5 0.014661779406864379
208.5 0.013328890369876709
209.5 0.01149616794401866
210.5 0.009663445518160613
211.5 0.00883038987004332
212.5 0.00583138953682106
213.5 0.004665111629456847
214.5 0.003998667110963012
215.5 0.003332222592469177
216.5 0.003332222592469177
217.5 0.003165611462845718
218.5 0.003165611462845718
219.5 0.0026657780739753416
220.5 0.0023325558147284237
221.5 0.002165944685104965
222.5 0.001999333555481506
223.5 0.001999333555481506
224.5 0.0016661112962345886
225.5 0.0014995001666111296
226.5 0.0013328890369876708
227.5 0.0011662779073642118
228.5 9.99666777740753E-4
229.5 8.330556481172943E-4
230.5 8.330556481172943E-4
231.5 8.330556481172943E-4
232.5 8.330556481172943E-4
233.5 9.99666777740753E-4
234.5 0.0011662779073642118
235.5 0.0013328890369876708
236.5 0.0016661112962345886
237.5 0.001999333555481506
238.5 0.0023325558147284237
239.5 0.0028323892035988004
240.5 0.003165611462845718
241.5 0.003165611462845718
242.5 0.003332222592469177
243.5 0.003332222592469177
244.5 0.003498833722092636
245.5 0.003998667110963012
246.5 0.00433188937020993
247.5 0.004998333888703766
248.5 0.005331556147950683
249.5 0.005498167277574142
250.5 0.005998000666444518
251.5 0.006497834055314895
252.5 0.005998000666444518
253.5 0.00583138953682106
254.5 0.005331556147950683
255.5 0.005164945018327224
256.5 0.004998333888703766
257.5 0.00433188937020993
258.5 0.00433188937020993
259.5 0.00433188937020993
260.5 0.0041652782405864714
261.5 0.00433188937020993
262.5 0.00433188937020993
263.5 0.004998333888703766
264.5 0.006497834055314895
265.5 0.008997000999666778
266.5 0.010663112295901367
267.5 0.012495834721759413
268.5 0.01449516827724092
269.5 0.016661112962345886
270.5 0.019493502165944684
271.5 0.02299233588803732
272.5 0.027157614128623792
273.5 0.03048983672109297
274.5 0.03265578140619793
275.5 0.0348217260913029
276.5 0.03682105964678441
277.5 0.04015328223925358
278.5 0.04448517160946351
279.5 0.050983005664778404
280.5 0.06331222925691436
281.5 0.09563478840386538
282.5 0.13662112629123627
283.5 0.1687770743085638
284.5 0.1987670776407864
285.5 0.24558480506497835
286.5 0.30106631122959016
287.5 0.36387870709763415
288.5 0.39836721092969013
289.5 0.4851716094635122
290.5 0.5886371209596801
291.5 0.576974341886038
292.5 0.6539486837720759
293.5 0.7205931356214595
294.5 0.7579140286571143
295.5 0.7297567477507497
296.5 0.6601132955681439
297.5 0.7122625791402866
298.5 0.6601132955681439
299.5 0.568977007664112
300.5 0.48683772075974674
301.5 0.5113295568143952
302.5 0.44635121626124624
303.5 0.3665444851716095
304.5 0.2557480839720093
305.5 0.20409863378873708
306.5 0.19210263245584805
307.5 0.16577807397534156
308.5 0.15278240586471176
309.5 0.14428523825391537
310.5 0.12812395868043985
311.5 0.09863378873708764
312.5 0.07464178607130956
313.5 0.06147950683105632
314.5 0.051649450183272244
315.5 0.04448517160946351
316.5 0.038320559813395536
317.5 0.03265578140619793
318.5 0.026324558480506497
319.5 0.021326224591802733
320.5 0.017827390869710098
321.5 0.014995001666111295
322.5 0.01432855714761746
323.5 0.013495501499500167
324.5 0.012162612462512495
325.5 0.011329556814395202
326.5 0.009830056647784071
327.5 0.008997000999666778
328.5 0.008330556481172943
329.5 0.006997667444185272
330.5 0.006664445184938354
331.5 0.006497834055314895
332.5 0.006664445184938354
333.5 0.006664445184938354
334.5 0.006997667444185272
335.5 0.007830723092302566
336.5 0.008330556481172943
337.5 0.00866377874041986
338.5 0.00883038987004332
339.5 0.00866377874041986
340.5 0.008163945351549483
341.5 0.006997667444185272
342.5 0.006664445184938354
343.5 0.00583138953682106
344.5 0.005164945018327224
345.5 0.004498500499833389
346.5 0.003998667110963012
347.5 0.003332222592469177
348.5 0.003332222592469177
349.5 0.003165611462845718
350.5 0.0028323892035988004
351.5 0.001999333555481506
352.5 9.99666777740753E-4
353.5 8.330556481172943E-4
354.5 4.998333888703765E-4
355.5 4.998333888703765E-4
356.5 4.998333888703765E-4
357.5 1.6661112962345885E-4
358.5 1.6661112962345885E-4
359.5 1.6661112962345885E-4
