498
499
500
501
502
508
509
510
511
513
514
518
519
520
521
522
525
526
529
530
536
537
540
541
548
551
552
553
554
556
558
559
562
563
564
565
566
567
568
569
570
574
575
576
577
578
579
580
586
587
588
589
590
610
619
620
621
622
623
629
630
631
632
633
634
635
639
640
641
642
643
644
645
646
647
650
651
652
653
654
655
656
657
658
661
662
663
664
665
666
667
668
669
672
673
674
675
676
677
678
679
680
683
684
685
686
687
688
689
690
691
695
696
697
698
699
700
701
707
708
709
710
711
712
740
741
742
743
744
750
751
752
753
754
755
756
760
761
762
763
764
765
766
767
768
771
772
773
774
775
776
777
778
779
782
783
784
785
786
787
788
789
790
793
794
795
796
797
798
799
800
801
804
805
806
807
808
809
810
811
812
816
817
818
819
820
821
822
828
829
830
831
832
861
862
863
864
865
871
872
873
874
875
876
877
881
882
883
884
885
886
887
888
889
892
893
894
895
896
897
898
899
900
903
904
905
906
907
908
909
910
911
914
915
916
917
918
919
920
921
922
925
926
927
928
929
930
931
932
933
937
938
939
940
941
942
943
949
950
951
952
953
993
994
995
996
997
1003
1004
1005
1006
1007
1008
1009
1014
1015
1016
1017
1018
1019
1020
1025
1026
1027
1028
1029
1030
1031
1036
1037
1038
1039
1040
1041
1042
1047
1048
1049
1050
1051
1052
1053
1059
1060
1061
1062
1063
1072
1125
1126
1127
1128
1129
1136
1137
1138
1139
1140
1146
1147
1148
1149
1150
1151
1158
1159
1160
1161
1162
1169
1170
1171
1172
1173
