# Table name/description: "Top500 Asp B<40"
# Number of dimensions: 2
# For each dimension, 1 to 2: lower_bound  upper_bound  number_of_bins  wrapping
#   x1: 0.0 360.0 72 true
#   x2: 0.0 180.0 36 true
# List of table coordinates and values. (Value is last number on each line.)
17.5 97.5 1.8456995201181247E-4
17.5 102.5 1.8456995201181247E-4
17.5 107.5 1.8456995201181247E-4
17.5 112.5 1.8456995201181247E-4
17.5 117.5 1.8456995201181247E-4
17.5 122.5 1.8456995201181247E-4
22.5 2.5 1.8456995201181247E-4
22.5 7.5 1.8456995201181247E-4
22.5 12.5 1.8456995201181247E-4
22.5 17.5 1.8456995201181247E-4
22.5 22.5 1.8456995201181247E-4
22.5 27.5 1.8456995201181247E-4
22.5 32.5 1.8456995201181247E-4
22.5 37.5 1.8456995201181247E-4
22.5 42.5 1.8456995201181247E-4
22.5 47.5 1.8456995201181247E-4
22.5 52.5 1.8456995201181247E-4
22.5 57.5 1.8456995201181247E-4
22.5 62.5 1.8456995201181247E-4
22.5 67.5 1.8456995201181247E-4
22.5 87.5 1.8456995201181247E-4
22.5 92.5 1.8456995201181247E-4
22.5 97.5 1.8456995201181247E-4
22.5 102.5 1.8456995201181247E-4
22.5 107.5 1.8456995201181247E-4
22.5 112.5 1.8456995201181247E-4
22.5 117.5 1.8456995201181247E-4
22.5 122.5 1.8456995201181247E-4
22.5 127.5 1.8456995201181247E-4
22.5 132.5 1.8456995201181247E-4
22.5 137.5 1.8456995201181247E-4
22.5 177.5 1.8456995201181247E-4
27.5 2.5 5.537098560354374E-4
27.5 7.5 7.382798080472499E-4
27.5 12.5 9.228497600590623E-4
27.5 17.5 0.0012919896640826874
27.5 22.5 0.002030269472129937
27.5 27.5 0.0033222591362126247
27.5 32.5 0.0035068290882244372
27.5 37.5 0.0035068290882244372
27.5 42.5 0.0033222591362126247
27.5 47.5 0.0027685492801771874
27.5 52.5 0.002030269472129937
27.5 57.5 0.0014765596160944998
27.5 62.5 9.228497600590623E-4
27.5 67.5 3.6913990402362494E-4
27.5 72.5 1.8456995201181247E-4
27.5 77.5 1.8456995201181247E-4
27.5 82.5 1.8456995201181247E-4
27.5 87.5 1.8456995201181247E-4
27.5 92.5 1.8456995201181247E-4
27.5 97.5 1.8456995201181247E-4
27.5 102.5 3.6913990402362494E-4
27.5 107.5 7.382798080472499E-4
27.5 112.5 9.228497600590623E-4
27.5 117.5 9.228497600590623E-4
27.5 122.5 5.537098560354374E-4
27.5 127.5 3.6913990402362494E-4
27.5 132.5 1.8456995201181247E-4
27.5 137.5 1.8456995201181247E-4
27.5 142.5 1.8456995201181247E-4
27.5 147.5 1.8456995201181247E-4
27.5 152.5 1.8456995201181247E-4
27.5 157.5 1.8456995201181247E-4
27.5 162.5 1.8456995201181247E-4
27.5 167.5 1.8456995201181247E-4
27.5 172.5 1.8456995201181247E-4
27.5 177.5 3.6913990402362494E-4
32.5 2.5 0.003875968992248062
32.5 7.5 0.004060538944259874
32.5 12.5 0.004429678848283499
32.5 17.5 0.00516795865633075
32.5 22.5 0.005537098560354375
32.5 27.5 0.006090808416389812
32.5 32.5 0.0068290882244370615
32.5 37.5 0.0068290882244370615
32.5 42.5 0.006275378368401624
32.5 47.5 0.005537098560354375
32.5 52.5 0.00516795865633075
32.5 57.5 0.004060538944259874
32.5 62.5 0.0036913990402362494
32.5 67.5 0.0029531192321889995
32.5 72.5 0.0018456995201181247
32.5 77.5 0.0012919896640826874
32.5 82.5 9.228497600590623E-4
32.5 87.5 9.228497600590623E-4
32.5 92.5 0.0012919896640826874
32.5 97.5 0.0016611295681063123
32.5 102.5 0.0022148394241417496
32.5 107.5 0.0033222591362126247
32.5 112.5 0.0035068290882244372
32.5 117.5 0.0033222591362126247
32.5 122.5 0.0027685492801771874
32.5 127.5 0.0022148394241417496
32.5 132.5 0.0022148394241417496
32.5 137.5 0.0022148394241417496
32.5 142.5 0.0027685492801771874
32.5 147.5 0.003137689184200812
32.5 152.5 0.0029531192321889995
32.5 157.5 0.002583979328165375
32.5 162.5 0.0027685492801771874
32.5 167.5 0.0033222591362126247
32.5 172.5 0.0035068290882244372
32.5 177.5 0.0036913990402362494
37.5 2.5 0.012366186784791436
37.5 7.5 0.014765596160944998
37.5 12.5 0.016242155777039496
37.5 17.5 0.014581026208933185
37.5 22.5 0.012550756736803248
37.5 27.5 0.01347360649686231
37.5 32.5 0.014765596160944998
37.5 37.5 0.014027316352897749
37.5 42.5 0.012366186784791436
37.5 47.5 0.010705057216685123
37.5 52.5 0.008305647840531562
37.5 57.5 0.0068290882244370615
37.5 62.5 0.005906238464377999
37.5 67.5 0.0049833887043189366
37.5 72.5 0.003875968992248062
37.5 77.5 0.0036913990402362494
37.5 82.5 0.0036913990402362494
37.5 87.5 0.0036913990402362494
37.5 92.5 0.003875968992248062
37.5 97.5 0.004798818752307124
37.5 102.5 0.005537098560354375
37.5 107.5 0.005906238464377999
37.5 112.5 0.006090808416389812
37.5 117.5 0.006090808416389812
37.5 122.5 0.006090808416389812
37.5 127.5 0.006090808416389812
37.5 132.5 0.006644518272425249
37.5 137.5 0.008121077888519748
37.5 142.5 0.009413067552602437
37.5 147.5 0.010889627168696936
37.5 152.5 0.011258767072720562
37.5 157.5 0.011627906976744186
37.5 162.5 0.011627906976744186
37.5 167.5 0.012181616832779624
37.5 172.5 0.01199704688076781
37.5 177.5 0.011627906976744186
42.5 2.5 0.052417866371354746
42.5 7.5 0.054817275747508304
42.5 12.5 0.05370985603543743
42.5 17.5 0.04891103728313031
42.5 22.5 0.04540420819490587
42.5 27.5 0.04466592838685862
42.5 32.5 0.04318936877076412
42.5 37.5 0.03765227021040975
42.5 42.5 0.027131782945736434
42.5 47.5 0.01790328534514581
42.5 52.5 0.012550756736803248
42.5 57.5 0.011258767072720562
42.5 62.5 0.00904392764857881
42.5 67.5 0.007567368032484312
42.5 72.5 0.006644518272425249
42.5 77.5 0.006459948320413436
42.5 82.5 0.006644518272425249
42.5 87.5 0.007751937984496124
42.5 92.5 0.00904392764857881
42.5 97.5 0.011443337024732374
42.5 102.5 0.012550756736803248
42.5 107.5 0.014950166112956811
42.5 112.5 0.01568844592100406
42.5 117.5 0.017349575489110373
42.5 122.5 0.018272425249169437
42.5 127.5 0.021225544481358435
42.5 132.5 0.028423772609819122
42.5 137.5 0.03488372093023256
42.5 142.5 0.038390550018456995
42.5 147.5 0.03968253968253968
42.5 152.5 0.04097452934662237
42.5 157.5 0.042081949058693245
42.5 162.5 0.04558877814691768
42.5 167.5 0.047619047619047616
42.5 172.5 0.048726467331118496
42.5 177.5 0.04891103728313031
47.5 2.5 0.15725359911406422
47.5 7.5 0.15023994093761536
47.5 12.5 0.12809154669619785
47.5 17.5 0.11590992986341823
47.5 22.5 0.1079734219269103
47.5 27.5 0.10299003322259136
47.5 32.5 0.09228497600590624
47.5 37.5 0.06921373200442968
47.5 42.5 0.04891103728313031
47.5 47.5 0.033776301218161685
47.5 52.5 0.02085640457733481
47.5 57.5 0.016057585825027684
47.5 62.5 0.01347360649686231
47.5 67.5 0.012366186784791436
47.5 72.5 0.011627906976744186
47.5 77.5 0.01199704688076781
47.5 82.5 0.012366186784791436
47.5 87.5 0.015319306016980436
47.5 92.5 0.019933554817275746
47.5 97.5 0.02823920265780731
47.5 102.5 0.036729420450350686
47.5 107.5 0.04152823920265781
47.5 112.5 0.04466592838685862
47.5 117.5 0.04724990771502399
47.5 122.5 0.05094130675526024
47.5 127.5 0.059800664451827246
47.5 132.5 0.07032115171650055
47.5 137.5 0.0799187892211148
47.5 142.5 0.08397932816537468
47.5 147.5 0.08637873754152824
47.5 152.5 0.08803986710963455
47.5 157.5 0.09486895533407161
47.5 162.5 0.1050203026947213
47.5 167.5 0.11960132890365449
47.5 172.5 0.1301218161683278
47.5 177.5 0.14950166112956811
52.5 2.5 0.3429309708379476
52.5 7.5 0.32170542635658916
52.5 12.5 0.2707641196013289
52.5 17.5 0.23477297895902546
52.5 22.5 0.21373200442967885
52.5 27.5 0.1969361387966039
52.5 32.5 0.16482096714654854
52.5 37.5 0.11904761904761904
52.5 42.5 0.07142857142857142
52.5 47.5 0.04632705795496493
52.5 52.5 0.032668881506090805
52.5 57.5 0.02307124400147656
52.5 62.5 0.019933554817275746
52.5 67.5 0.018272425249169437
52.5 72.5 0.01790328534514581
52.5 77.5 0.018826135105204873
52.5 82.5 0.02233296419342931
52.5 87.5 0.029715762273901807
52.5 92.5 0.038390550018456995
52.5 97.5 0.047619047619047616
52.5 102.5 0.05740125507567368
52.5 107.5 0.06496862310815799
52.5 112.5 0.0710594315245478
52.5 117.5 0.07825765965300849
52.5 122.5 0.09154669619785899
52.5 127.5 0.11221853082318199
52.5 132.5 0.1301218161683278
52.5 137.5 0.15134736064968624
52.5 142.5 0.15891472868217055
52.5 147.5 0.1642672572905131
52.5 152.5 0.1731266149870801
52.5 157.5 0.19029162052417867
52.5 162.5 0.21483942414174972
52.5 167.5 0.2499077150239941
52.5 172.5 0.29051310446659284
52.5 177.5 0.3298265042451089
57.5 2.5 0.5212255444813584
57.5 7.5 0.5033222591362126
57.5 12.5 0.44721299372462164
57.5 17.5 0.3938722775932078
57.5 22.5 0.3313030638612034
57.5 27.5 0.2707641196013289
57.5 32.5 0.21410114433370248
57.5 37.5 0.15153193060169803
57.5 42.5 0.08600959763750461
57.5 47.5 0.052417866371354746
57.5 52.5 0.03765227021040975
57.5 57.5 0.030269472129937247
57.5 62.5 0.02694721299372462
57.5 67.5 0.023809523809523808
57.5 72.5 0.023809523809523808
57.5 77.5 0.02823920265780731
57.5 82.5 0.0339608711701735
57.5 87.5 0.040051679586563305
57.5 92.5 0.04798818752307124
57.5 97.5 0.06016980435585087
57.5 102.5 0.073827980804725
57.5 107.5 0.0843484680693983
57.5 112.5 0.09616094499815431
57.5 117.5 0.11148025101513473
57.5 122.5 0.12643041712809155
57.5 127.5 0.15374677002583978
57.5 132.5 0.1792174234034699
57.5 137.5 0.19896640826873385
57.5 142.5 0.20930232558139536
57.5 147.5 0.22406792174234036
57.5 152.5 0.24806201550387597
57.5 157.5 0.28608342561830935
57.5 162.5 0.3453303802141011
57.5 167.5 0.408453303802141
57.5 172.5 0.45625692137320045
57.5 177.5 0.5057216685123662
62.5 2.5 0.6022517534145441
62.5 7.5 0.5921004060538945
62.5 12.5 0.5407899593946106
62.5 17.5 0.4590254706533776
62.5 22.5 0.3888888888888889
62.5 27.5 0.29494278331487633
62.5 32.5 0.2172388335179033
62.5 37.5 0.14267257290513105
62.5 42.5 0.07918050941306755
62.5 47.5 0.048726467331118496
62.5 52.5 0.036729420450350686
62.5 57.5 0.03137689184200812
62.5 62.5 0.029346622369878183
62.5 67.5 0.028608342561830934
62.5 72.5 0.029346622369878183
62.5 77.5 0.033038021410114436
62.5 82.5 0.03765227021040975
62.5 87.5 0.042820228866740494
62.5 92.5 0.05094130675526024
62.5 97.5 0.06330749354005168
62.5 102.5 0.07733480989294943
62.5 107.5 0.09191583610188261
62.5 112.5 0.10335917312661498
62.5 117.5 0.11867847914359542
62.5 122.5 0.1314138058324105
62.5 127.5 0.15928386858619417
62.5 132.5 0.18235511258767073
62.5 137.5 0.20228866740494647
62.5 142.5 0.21373200442967885
62.5 147.5 0.23477297895902546
62.5 152.5 0.268733850129199
62.5 157.5 0.32650424510889625
62.5 162.5 0.40457733480989294
62.5 167.5 0.4669619785898856
62.5 172.5 0.5350682908822444
62.5 177.5 0.5839793281653747
67.5 2.5 0.5394979697305279
67.5 7.5 0.5367294204503507
67.5 12.5 0.49778516057585825
67.5 17.5 0.4278331487633813
67.5 22.5 0.34053156146179403
67.5 27.5 0.24455518641565152
67.5 32.5 0.1659283868586194
67.5 37.5 0.0976375046142488
67.5 42.5 0.05666297526762643
67.5 47.5 0.03857511997046881
67.5 52.5 0.029346622369878183
67.5 57.5 0.026208933185677373
67.5 62.5 0.026208933185677373
67.5 67.5 0.02602436323366556
67.5 72.5 0.027316352897748246
67.5 77.5 0.030269472129937247
67.5 82.5 0.03488372093023256
67.5 87.5 0.03968253968253968
67.5 92.5 0.04724990771502399
67.5 97.5 0.055924695459579184
67.5 102.5 0.06773717238833518
67.5 107.5 0.07807308970099668
67.5 112.5 0.08767072720561092
67.5 117.5 0.09800664451827243
67.5 122.5 0.11443337024732374
67.5 127.5 0.12772240679217423
67.5 132.5 0.14765596160945
67.5 137.5 0.15946843853820597
67.5 142.5 0.1699889258028793
67.5 147.5 0.18807678110003692
67.5 152.5 0.22665190107050573
67.5 157.5 0.2798080472499077
67.5 162.5 0.3564045773348099
67.5 167.5 0.42709486895533405
67.5 172.5 0.4780361757105943
67.5 177.5 0.5184569952011813
72.5 2.5 0.35898855666297524
72.5 7.5 0.36415651531930604
72.5 12.5 0.34569952011812477
72.5 17.5 0.2870062753783684
72.5 22.5 0.2115171650055371
72.5 27.5 0.14414913252122555
72.5 32.5 0.0843484680693983
72.5 37.5 0.0518641565153193
72.5 42.5 0.03340716131413806
72.5 47.5 0.020302694721299374
72.5 52.5 0.018272425249169437
72.5 57.5 0.018826135105204873
72.5 62.5 0.019748984865263934
72.5 67.5 0.019195275009228498
72.5 72.5 0.019748984865263934
72.5 77.5 0.021040974529346623
72.5 82.5 0.023809523809523808
72.5 87.5 0.030084902177925435
72.5 92.5 0.035622000738279806
72.5 97.5 0.042081949058693245
72.5 102.5 0.04909560723514212
72.5 107.5 0.05555555555555555
72.5 112.5 0.06127722406792174
72.5 117.5 0.06570690291620525
72.5 122.5 0.07216685123661867
72.5 127.5 0.07918050941306755
72.5 132.5 0.08767072720561092
72.5 137.5 0.09449981543004798
72.5 142.5 0.09708379475821337
72.5 147.5 0.11406423034330011
72.5 152.5 0.13953488372093023
72.5 157.5 0.17995570321151716
72.5 162.5 0.23126614987080105
72.5 167.5 0.28146917681801403
72.5 172.5 0.3253968253968254
72.5 177.5 0.34828349944629017
77.5 2.5 0.15891472868217055
77.5 7.5 0.15891472868217055
77.5 12.5 0.15356220007382798
77.5 17.5 0.12827611664820968
77.5 22.5 0.09486895533407161
77.5 27.5 0.060723514211886306
77.5 32.5 0.03728313030638612
77.5 37.5 0.01790328534514581
77.5 42.5 0.01199704688076781
77.5 47.5 0.010705057216685123
77.5 52.5 0.011443337024732374
77.5 57.5 0.012366186784791436
77.5 62.5 0.012366186784791436
77.5 67.5 0.012366186784791436
77.5 72.5 0.012366186784791436
77.5 77.5 0.012366186784791436
77.5 82.5 0.014027316352897749
77.5 87.5 0.015873015873015872
77.5 92.5 0.018272425249169437
77.5 97.5 0.021040974529346623
77.5 102.5 0.026208933185677373
77.5 107.5 0.031930601698043556
77.5 112.5 0.03488372093023256
77.5 117.5 0.03820598006644518
77.5 122.5 0.041343669250646
77.5 127.5 0.045035068290882246
77.5 132.5 0.047434477667035804
77.5 137.5 0.048726467331118496
77.5 142.5 0.04964931709117756
77.5 147.5 0.05352528608342562
77.5 152.5 0.06275378368401624
77.5 157.5 0.0799187892211148
77.5 162.5 0.10778885197489849
77.5 167.5 0.1301218161683278
77.5 172.5 0.15448504983388706
77.5 177.5 0.16020671834625322
82.5 2.5 0.05518641565153193
82.5 7.5 0.051310446659283866
82.5 12.5 0.048726467331118496
82.5 17.5 0.04466592838685862
82.5 22.5 0.03488372093023256
82.5 27.5 0.01790328534514581
82.5 32.5 0.009413067552602437
82.5 37.5 0.005906238464377999
82.5 42.5 0.00516795865633075
82.5 47.5 0.005352528608342562
82.5 52.5 0.006090808416389812
82.5 57.5 0.006644518272425249
82.5 62.5 0.0070136581764488745
82.5 67.5 0.0068290882244370615
82.5 72.5 0.006644518272425249
82.5 77.5 0.006644518272425249
82.5 82.5 0.007567368032484312
82.5 87.5 0.008121077888519748
82.5 92.5 0.008674787744555186
82.5 97.5 0.009413067552602437
82.5 102.5 0.010705057216685123
82.5 107.5 0.011627906976744186
82.5 112.5 0.012366186784791436
82.5 117.5 0.01273532668881506
82.5 122.5 0.015503875968992248
82.5 127.5 0.01790328534514581
82.5 132.5 0.018272425249169437
82.5 137.5 0.01864156515319306
82.5 142.5 0.019933554817275746
82.5 147.5 0.02085640457733481
82.5 152.5 0.023440383905500184
82.5 157.5 0.032668881506090805
82.5 162.5 0.041343669250646
82.5 167.5 0.04964931709117756
82.5 172.5 0.055924695459579184
82.5 177.5 0.05832410483573274
87.5 2.5 0.013842746400885935
87.5 7.5 0.01199704688076781
87.5 12.5 0.010151347360649687
87.5 17.5 0.008490217792543374
87.5 22.5 0.006090808416389812
87.5 27.5 0.004060538944259874
87.5 32.5 0.0027685492801771874
87.5 37.5 0.0012919896640826874
87.5 42.5 0.0012919896640826874
87.5 47.5 0.0022148394241417496
87.5 52.5 0.0033222591362126247
87.5 57.5 0.0035068290882244372
87.5 62.5 0.0035068290882244372
87.5 67.5 0.0035068290882244372
87.5 72.5 0.0033222591362126247
87.5 77.5 0.0033222591362126247
87.5 82.5 0.0035068290882244372
87.5 87.5 0.003875968992248062
87.5 92.5 0.004060538944259874
87.5 97.5 0.004245108896271687
87.5 102.5 0.004798818752307124
87.5 107.5 0.00516795865633075
87.5 112.5 0.005537098560354375
87.5 117.5 0.005906238464377999
87.5 122.5 0.006644518272425249
87.5 127.5 0.006644518272425249
87.5 132.5 0.0070136581764488745
87.5 137.5 0.0070136581764488745
87.5 142.5 0.007382798080472499
87.5 147.5 0.007567368032484312
87.5 152.5 0.007567368032484312
87.5 157.5 0.008305647840531562
87.5 162.5 0.011258767072720562
87.5 167.5 0.013842746400885935
87.5 172.5 0.016242155777039496
87.5 177.5 0.016057585825027684
92.5 2.5 0.0036913990402362494
92.5 7.5 0.0035068290882244372
92.5 12.5 0.0022148394241417496
92.5 17.5 0.0012919896640826874
92.5 22.5 9.228497600590623E-4
92.5 27.5 1.8456995201181247E-4
92.5 32.5 1.8456995201181247E-4
92.5 37.5 1.8456995201181247E-4
92.5 42.5 1.8456995201181247E-4
92.5 47.5 1.8456995201181247E-4
92.5 52.5 1.8456995201181247E-4
92.5 57.5 1.8456995201181247E-4
92.5 62.5 1.8456995201181247E-4
92.5 67.5 1.8456995201181247E-4
92.5 72.5 1.8456995201181247E-4
92.5 77.5 1.8456995201181247E-4
92.5 82.5 1.8456995201181247E-4
92.5 87.5 3.6913990402362494E-4
92.5 92.5 9.228497600590623E-4
92.5 97.5 0.0012919896640826874
92.5 102.5 0.0014765596160944998
92.5 107.5 0.0016611295681063123
92.5 112.5 0.0016611295681063123
92.5 117.5 0.002030269472129937
92.5 122.5 0.0027685492801771874
92.5 127.5 0.0033222591362126247
92.5 132.5 0.0035068290882244372
92.5 137.5 0.0035068290882244372
92.5 142.5 0.0035068290882244372
92.5 147.5 0.0035068290882244372
92.5 152.5 0.0033222591362126247
92.5 157.5 0.0033222591362126247
92.5 162.5 0.0035068290882244372
92.5 167.5 0.003875968992248062
92.5 172.5 0.004245108896271687
92.5 177.5 0.004245108896271687
97.5 2.5 1.8456995201181247E-4
97.5 7.5 1.8456995201181247E-4
97.5 12.5 1.8456995201181247E-4
97.5 17.5 1.8456995201181247E-4
97.5 22.5 1.8456995201181247E-4
97.5 27.5 1.8456995201181247E-4
97.5 72.5 1.8456995201181247E-4
97.5 77.5 1.8456995201181247E-4
97.5 82.5 1.8456995201181247E-4
97.5 87.5 1.8456995201181247E-4
97.5 92.5 1.8456995201181247E-4
97.5 97.5 1.8456995201181247E-4
97.5 102.5 1.8456995201181247E-4
97.5 107.5 1.8456995201181247E-4
97.5 112.5 1.8456995201181247E-4
97.5 117.5 1.8456995201181247E-4
97.5 122.5 1.8456995201181247E-4
97.5 127.5 1.8456995201181247E-4
97.5 132.5 3.6913990402362494E-4
97.5 137.5 3.6913990402362494E-4
97.5 142.5 3.6913990402362494E-4
97.5 147.5 3.6913990402362494E-4
97.5 152.5 1.8456995201181247E-4
97.5 157.5 1.8456995201181247E-4
97.5 162.5 1.8456995201181247E-4
97.5 167.5 1.8456995201181247E-4
97.5 172.5 3.6913990402362494E-4
97.5 177.5 3.6913990402362494E-4
102.5 97.5 1.8456995201181247E-4
102.5 102.5 1.8456995201181247E-4
102.5 107.5 1.8456995201181247E-4
102.5 112.5 1.8456995201181247E-4
102.5 117.5 1.8456995201181247E-4
102.5 132.5 1.8456995201181247E-4
102.5 137.5 1.8456995201181247E-4
102.5 142.5 1.8456995201181247E-4
102.5 147.5 1.8456995201181247E-4
102.5 152.5 1.8456995201181247E-4
102.5 157.5 1.8456995201181247E-4
102.5 162.5 1.8456995201181247E-4
102.5 167.5 1.8456995201181247E-4
102.5 172.5 1.8456995201181247E-4
102.5 177.5 1.8456995201181247E-4
137.5 17.5 1.8456995201181247E-4
137.5 22.5 1.8456995201181247E-4
137.5 27.5 1.8456995201181247E-4
137.5 32.5 1.8456995201181247E-4
137.5 37.5 1.8456995201181247E-4
137.5 42.5 1.8456995201181247E-4
137.5 47.5 1.8456995201181247E-4
137.5 52.5 1.8456995201181247E-4
137.5 57.5 1.8456995201181247E-4
137.5 62.5 1.8456995201181247E-4
137.5 67.5 1.8456995201181247E-4
142.5 7.5 1.8456995201181247E-4
142.5 12.5 1.8456995201181247E-4
142.5 17.5 3.6913990402362494E-4
142.5 22.5 0.0012919896640826874
142.5 27.5 0.002030269472129937
142.5 32.5 0.002030269472129937
142.5 37.5 0.0016611295681063123
142.5 42.5 0.0012919896640826874
142.5 47.5 3.6913990402362494E-4
142.5 52.5 1.8456995201181247E-4
142.5 57.5 1.8456995201181247E-4
142.5 62.5 1.8456995201181247E-4
142.5 67.5 1.8456995201181247E-4
142.5 72.5 1.8456995201181247E-4
142.5 77.5 1.8456995201181247E-4
142.5 82.5 1.8456995201181247E-4
142.5 87.5 1.8456995201181247E-4
147.5 2.5 1.8456995201181247E-4
147.5 7.5 0.0012919896640826874
147.5 12.5 0.0033222591362126247
147.5 17.5 0.004245108896271687
147.5 22.5 0.005537098560354375
147.5 27.5 0.005906238464377999
147.5 32.5 0.005906238464377999
147.5 37.5 0.00516795865633075
147.5 42.5 0.003875968992248062
147.5 47.5 0.003137689184200812
147.5 52.5 0.0012919896640826874
147.5 57.5 3.6913990402362494E-4
147.5 62.5 3.6913990402362494E-4
147.5 67.5 3.6913990402362494E-4
147.5 72.5 7.382798080472499E-4
147.5 77.5 7.382798080472499E-4
147.5 82.5 3.6913990402362494E-4
147.5 87.5 1.8456995201181247E-4
147.5 92.5 1.8456995201181247E-4
147.5 97.5 1.8456995201181247E-4
147.5 162.5 1.8456995201181247E-4
147.5 167.5 1.8456995201181247E-4
147.5 172.5 1.8456995201181247E-4
147.5 177.5 1.8456995201181247E-4
152.5 2.5 0.003875968992248062
152.5 7.5 0.005537098560354375
152.5 12.5 0.008674787744555186
152.5 17.5 0.012366186784791436
152.5 22.5 0.014027316352897749
152.5 27.5 0.014027316352897749
152.5 32.5 0.012366186784791436
152.5 37.5 0.010889627168696936
152.5 42.5 0.007936507936507936
152.5 47.5 0.005537098560354375
152.5 52.5 0.004060538944259874
152.5 57.5 0.0036913990402362494
152.5 62.5 0.0036913990402362494
152.5 67.5 0.003875968992248062
152.5 72.5 0.003875968992248062
152.5 77.5 0.003875968992248062
152.5 82.5 0.0036913990402362494
152.5 87.5 0.0029531192321889995
152.5 92.5 0.0016611295681063123
152.5 97.5 3.6913990402362494E-4
152.5 102.5 1.8456995201181247E-4
152.5 107.5 1.8456995201181247E-4
152.5 142.5 1.8456995201181247E-4
152.5 147.5 1.8456995201181247E-4
152.5 152.5 1.8456995201181247E-4
152.5 157.5 1.8456995201181247E-4
152.5 162.5 3.6913990402362494E-4
152.5 167.5 7.382798080472499E-4
152.5 172.5 0.0014765596160944998
152.5 177.5 0.0029531192321889995
157.5 2.5 0.012366186784791436
157.5 7.5 0.01864156515319306
157.5 12.5 0.025101513473606497
157.5 17.5 0.03340716131413806
157.5 22.5 0.03580657069029162
157.5 27.5 0.03451458102620893
157.5 32.5 0.028054632705795498
157.5 37.5 0.020302694721299374
157.5 42.5 0.01568844592100406
157.5 47.5 0.012366186784791436
157.5 52.5 0.011258767072720562
157.5 57.5 0.010520487264673311
157.5 62.5 0.010889627168696936
157.5 67.5 0.011443337024732374
157.5 72.5 0.012181616832779624
157.5 77.5 0.01199704688076781
157.5 82.5 0.010151347360649687
157.5 87.5 0.0070136581764488745
157.5 92.5 0.00516795865633075
157.5 97.5 0.0036913990402362494
157.5 102.5 0.002399409376153562
157.5 107.5 0.0012919896640826874
157.5 112.5 1.8456995201181247E-4
157.5 117.5 1.8456995201181247E-4
157.5 122.5 1.8456995201181247E-4
157.5 127.5 1.8456995201181247E-4
157.5 132.5 1.8456995201181247E-4
157.5 137.5 1.8456995201181247E-4
157.5 142.5 3.6913990402362494E-4
157.5 147.5 0.0016611295681063123
157.5 152.5 0.0033222591362126247
157.5 157.5 0.0036913990402362494
157.5 162.5 0.003875968992248062
157.5 167.5 0.004060538944259874
157.5 172.5 0.005906238464377999
157.5 177.5 0.008674787744555186
162.5 2.5 0.04891103728313031
162.5 7.5 0.055924695459579184
162.5 12.5 0.062200073827980804
162.5 17.5 0.06293835363602805
162.5 22.5 0.06127722406792174
162.5 27.5 0.05370985603543743
162.5 32.5 0.04724990771502399
162.5 37.5 0.040051679586563305
162.5 42.5 0.03580657069029162
162.5 47.5 0.03451458102620893
162.5 52.5 0.03451458102620893
162.5 57.5 0.03580657069029162
162.5 62.5 0.038390550018456995
162.5 67.5 0.04152823920265781
162.5 72.5 0.04540420819490587
162.5 77.5 0.04448135843484681
162.5 82.5 0.03617571059431524
162.5 87.5 0.021040974529346623
162.5 92.5 0.012366186784791436
162.5 97.5 0.008674787744555186
162.5 102.5 0.006644518272425249
162.5 107.5 0.005537098560354375
162.5 112.5 0.004245108896271687
162.5 117.5 0.0035068290882244372
162.5 122.5 0.0022148394241417496
162.5 127.5 0.002030269472129937
162.5 132.5 0.0022148394241417496
162.5 137.5 0.0035068290882244372
162.5 142.5 0.004245108896271687
162.5 147.5 0.006090808416389812
162.5 152.5 0.008305647840531562
162.5 157.5 0.010889627168696936
162.5 162.5 0.012550756736803248
162.5 167.5 0.019933554817275746
162.5 172.5 0.03322259136212625
162.5 177.5 0.04171280915466962
167.5 2.5 0.15300849021779253
167.5 7.5 0.15153193060169803
167.5 12.5 0.14747139165743817
167.5 17.5 0.1314138058324105
167.5 22.5 0.11590992986341823
167.5 27.5 0.08970099667774087
167.5 32.5 0.07069029162052418
167.5 37.5 0.06275378368401624
167.5 42.5 0.062384643779992616
167.5 47.5 0.06589147286821706
167.5 52.5 0.07401255075673681
167.5 57.5 0.08213362864525656
167.5 62.5 0.09413067552602436
167.5 67.5 0.1064968623108158
167.5 72.5 0.11517165005537099
167.5 77.5 0.1020671834625323
167.5 82.5 0.07899593946105574
167.5 87.5 0.054817275747508304
167.5 92.5 0.03765227021040975
167.5 97.5 0.022886674049464747
167.5 102.5 0.01790328534514581
167.5 107.5 0.014027316352897749
167.5 112.5 0.012366186784791436
167.5 117.5 0.011258767072720562
167.5 122.5 0.009413067552602437
167.5 127.5 0.00904392764857881
167.5 132.5 0.009597637504614249
167.5 137.5 0.01199704688076781
167.5 142.5 0.017349575489110373
167.5 147.5 0.02823920265780731
167.5 152.5 0.04078995939461056
167.5 157.5 0.05075673680324843
167.5 162.5 0.06496862310815799
167.5 167.5 0.08693244739756367
167.5 172.5 0.11609449981543005
167.5 177.5 0.13861203396087118
172.5 2.5 0.3842746400885936
172.5 7.5 0.3488372093023256
172.5 12.5 0.30657069029162054
172.5 17.5 0.26135105204872644
172.5 22.5 0.20893318567737174
172.5 27.5 0.15891472868217055
172.5 32.5 0.12236987818383167
172.5 37.5 0.10926541159099298
172.5 42.5 0.11461794019933555
172.5 47.5 0.12679955703211518
172.5 52.5 0.15208564045773348
172.5 57.5 0.17847914359542266
172.5 62.5 0.2009966777408638
172.5 67.5 0.21557770394979697
172.5 72.5 0.2201919527500923
172.5 77.5 0.20284237726098192
172.5 82.5 0.15946843853820597
172.5 87.5 0.11000369139904023
172.5 92.5 0.07050572166851236
172.5 97.5 0.05352528608342562
172.5 102.5 0.04558877814691768
172.5 107.5 0.040051679586563305
172.5 112.5 0.03617571059431524
172.5 117.5 0.03340716131413806
172.5 122.5 0.029715762273901807
172.5 127.5 0.030269472129937247
172.5 132.5 0.03580657069029162
172.5 137.5 0.04706533776301218
172.5 142.5 0.06275378368401624
172.5 147.5 0.08545588778146918
172.5 152.5 0.12015503875968993
172.5 157.5 0.16002214839424142
172.5 162.5 0.2087486157253599
172.5 167.5 0.26356589147286824
172.5 172.5 0.33351790328534514
172.5 177.5 0.38242894056847543
177.5 2.5 0.5891472868217055
177.5 7.5 0.5276854928017719
177.5 12.5 0.4605020302694721
177.5 17.5 0.41048357327427093
177.5 22.5 0.33407161314138056
177.5 27.5 0.25064599483204136
177.5 32.5 0.19619785898855666
177.5 37.5 0.17238833517903285
177.5 42.5 0.17755629383536362
177.5 47.5 0.20284237726098192
177.5 52.5 0.24197120708748615
177.5 57.5 0.2870062753783684
177.5 62.5 0.3165374677002584
177.5 67.5 0.3253968253968254
177.5 72.5 0.31709117755629385
177.5 77.5 0.2836840162421558
177.5 82.5 0.23255813953488372
177.5 87.5 0.17331118493909192
177.5 92.5 0.1212624584717608
177.5 97.5 0.09228497600590624
177.5 102.5 0.07733480989294943
177.5 107.5 0.06736803248431156
177.5 112.5 0.060538944259874494
177.5 117.5 0.055924695459579184
177.5 122.5 0.054817275747508304
177.5 127.5 0.05998523440383906
177.5 132.5 0.07493540051679587
177.5 137.5 0.11148025101513473
177.5 142.5 0.1611295681063123
177.5 147.5 0.2172388335179033
177.5 152.5 0.2794389073458841
177.5 157.5 0.35400516795865633
177.5 162.5 0.43410852713178294
177.5 167.5 0.5143964562569213
177.5 172.5 0.5837947582133629
177.5 177.5 0.6081579918789222
182.5 2.5 0.6566998892580288
182.5 7.5 0.6050203026947213
182.5 12.5 0.5431893687707641
182.5 17.5 0.4870801033591731
182.5 22.5 0.4248800295311923
182.5 27.5 0.3462532299741602
182.5 32.5 0.26799557032115173
182.5 37.5 0.23255813953488372
182.5 42.5 0.23421926910299004
182.5 47.5 0.2648578811369509
182.5 52.5 0.32484311554079
182.5 57.5 0.3770764119601329
182.5 62.5 0.39276485788113696
182.5 67.5 0.3787375415282392
182.5 72.5 0.34865263935031376
182.5 77.5 0.3089700996677741
182.5 82.5 0.2582133628645257
182.5 87.5 0.20653377630121816
182.5 92.5 0.1613141380583241
182.5 97.5 0.12919896640826872
182.5 102.5 0.11664820967146548
182.5 107.5 0.09800664451827243
182.5 112.5 0.08637873754152824
182.5 117.5 0.08047249907715023
182.5 122.5 0.08102620893318568
182.5 127.5 0.0946843853820598
182.5 132.5 0.1286452565522333
182.5 137.5 0.1937984496124031
182.5 142.5 0.2733480989294943
182.5 147.5 0.3704318936877076
182.5 152.5 0.4374307862679956
182.5 157.5 0.5123661867847914
182.5 162.5 0.5956072351421189
182.5 167.5 0.6482096714654855
182.5 172.5 0.6838316722037652
182.5 177.5 0.6864156515319306
187.5 2.5 0.6186784791435954
187.5 7.5 0.5730897009966778
187.5 12.5 0.5337763012181617
187.5 17.5 0.5040605389442598
187.5 22.5 0.45219638242894056
187.5 27.5 0.3962716869693614
187.5 32.5 0.3183831672203765
187.5 37.5 0.26651901070505724
187.5 42.5 0.2617201919527501
187.5 47.5 0.2938353636028055
187.5 52.5 0.35142118863049093
187.5 57.5 0.3929494278331488
187.5 62.5 0.38519748984865265
187.5 67.5 0.34514581026208935
187.5 72.5 0.2956810631229236
187.5 77.5 0.2572905131044666
187.5 82.5 0.2292358803986711
187.5 87.5 0.19896640826873385
187.5 92.5 0.16832779623477298
187.5 97.5 0.1493170911775563
187.5 102.5 0.1301218161683278
187.5 107.5 0.11904761904761904
187.5 112.5 0.10612772240679218
187.5 117.5 0.09800664451827243
187.5 122.5 0.09929863418235511
187.5 127.5 0.11960132890365449
187.5 132.5 0.165374677002584
187.5 137.5 0.24049464747139165
187.5 142.5 0.3416389811738649
187.5 147.5 0.4272794389073459
187.5 152.5 0.4870801033591731
187.5 157.5 0.5478036175710594
187.5 162.5 0.6029900332225914
187.5 167.5 0.6369509043927648
187.5 172.5 0.6581764488741233
187.5 177.5 0.6495016611295681
192.5 2.5 0.48911037283130304
192.5 7.5 0.4684385382059801
192.5 12.5 0.45921004060538945
192.5 17.5 0.45182724252491696
192.5 22.5 0.4278331487633813
192.5 27.5 0.3800295311923219
192.5 32.5 0.30970837947582136
192.5 37.5 0.2552602436323367
192.5 42.5 0.24510889627168697
192.5 47.5 0.26541159099298633
192.5 52.5 0.30860095976375046
192.5 57.5 0.3298265042451089
192.5 62.5 0.3023255813953488
192.5 67.5 0.2484311554078996
192.5 72.5 0.20025839793281655
192.5 77.5 0.17238833517903285
192.5 82.5 0.1640826873385013
192.5 87.5 0.1552233296419343
192.5 92.5 0.14267257290513105
192.5 97.5 0.1301218161683278
192.5 102.5 0.12384643779992617
192.5 107.5 0.1153562200073828
192.5 112.5 0.10299003322259136
192.5 117.5 0.09800664451827243
192.5 122.5 0.09948320413436693
192.5 127.5 0.11794019933554817
192.5 132.5 0.15928386858619417
192.5 137.5 0.2262827611664821
192.5 142.5 0.3102620893318568
192.5 147.5 0.384828349944629
192.5 152.5 0.4230343300110742
192.5 157.5 0.4449981543004799
192.5 162.5 0.4713916574381691
192.5 167.5 0.49778516057585825
192.5 172.5 0.5083056478405316
192.5 177.5 0.5023994093761536
197.5 2.5 0.3687707641196013
197.5 7.5 0.37652270210409744
197.5 12.5 0.3744924326319675
197.5 17.5 0.3663713547434478
197.5 22.5 0.3462532299741602
197.5 27.5 0.2977113325950535
197.5 32.5 0.2456626061277224
197.5 37.5 0.20431893687707642
197.5 42.5 0.19139904023624954
197.5 47.5 0.20284237726098192
197.5 52.5 0.22185308231819859
197.5 57.5 0.22831303063861202
197.5 62.5 0.20044296788482835
197.5 67.5 0.15208564045773348
197.5 72.5 0.11221853082318199
197.5 77.5 0.09505352528608342
197.5 82.5 0.09560723514211886
197.5 87.5 0.09579180509413067
197.5 92.5 0.09579180509413067
197.5 97.5 0.09542266519010704
197.5 102.5 0.09302325581395349
197.5 107.5 0.08693244739756367
197.5 112.5 0.08324104835732743
197.5 117.5 0.08194905869324474
197.5 122.5 0.08250276854928018
197.5 127.5 0.09154669619785899
197.5 132.5 0.11960132890365449
197.5 137.5 0.1638981173864895
197.5 142.5 0.21077888519748986
197.5 147.5 0.25359911406423036
197.5 152.5 0.2707641196013289
197.5 157.5 0.27740863787375414
197.5 162.5 0.2870062753783684
197.5 167.5 0.298265042451089
197.5 172.5 0.31875230712440017
197.5 177.5 0.34569952011812477
202.5 2.5 0.2541528239202658
202.5 7.5 0.2606127722406792
202.5 12.5 0.25378368401624213
202.5 17.5 0.2440014765596161
202.5 22.5 0.22425249169435216
202.5 27.5 0.19767441860465115
202.5 32.5 0.1638981173864895
202.5 37.5 0.1314138058324105
202.5 42.5 0.1258767072720561
202.5 47.5 0.12827611664820968
202.5 52.5 0.13067552602436322
202.5 57.5 0.12679955703211518
202.5 62.5 0.10428202288667406
202.5 67.5 0.07493540051679587
202.5 72.5 0.055924695459579184
202.5 77.5 0.04964931709117756
202.5 82.5 0.05094130675526024
202.5 87.5 0.052417866371354746
202.5 92.5 0.05444813584348468
202.5 97.5 0.05721668512366187
202.5 102.5 0.05832410483573274
202.5 107.5 0.059800664451827246
202.5 112.5 0.060723514211886306
202.5 117.5 0.060723514211886306
202.5 122.5 0.060723514211886306
202.5 127.5 0.06275378368401624
202.5 132.5 0.07364341085271318
202.5 137.5 0.09228497600590624
202.5 142.5 0.11775562938353636
202.5 147.5 0.13953488372093023
202.5 152.5 0.1554078995939461
202.5 157.5 0.15946843853820597
202.5 162.5 0.16482096714654854
202.5 167.5 0.17958656330749354
202.5 172.5 0.20321151716500555
202.5 177.5 0.23126614987080105
207.5 2.5 0.17054263565891473
207.5 7.5 0.165374677002584
207.5 12.5 0.15227021040974528
207.5 17.5 0.132890365448505
207.5 22.5 0.12218530823181986
207.5 27.5 0.10926541159099298
207.5 32.5 0.08988556662975268
207.5 37.5 0.07641196013289037
207.5 42.5 0.07142857142857142
207.5 47.5 0.06995201181247693
207.5 52.5 0.06736803248431156
207.5 57.5 0.059616094499815434
207.5 62.5 0.04724990771502399
207.5 67.5 0.03451458102620893
207.5 72.5 0.02307124400147656
207.5 77.5 0.02085640457733481
207.5 82.5 0.021410114433370247
207.5 87.5 0.022886674049464747
207.5 92.5 0.02547065337763012
207.5 97.5 0.031007751937984496
207.5 102.5 0.035622000738279806
207.5 107.5 0.039128829826504244
207.5 112.5 0.04097452934662237
207.5 117.5 0.041343669250646
207.5 122.5 0.041343669250646
207.5 127.5 0.04263565891472868
207.5 132.5 0.047434477667035804
207.5 137.5 0.05297157622739018
207.5 142.5 0.06293835363602805
207.5 147.5 0.07641196013289037
207.5 152.5 0.08970099667774087
207.5 157.5 0.09800664451827243
207.5 162.5 0.11314138058324105
207.5 167.5 0.12495385751199704
207.5 172.5 0.1435954226651901
207.5 177.5 0.16168327796234774
212.5 2.5 0.10169804355850867
212.5 7.5 0.09136212624584718
212.5 12.5 0.07567368032484312
212.5 17.5 0.06496862310815799
212.5 22.5 0.061461794019933555
212.5 27.5 0.055924695459579184
212.5 32.5 0.048726467331118496
212.5 37.5 0.04392764857881137
212.5 42.5 0.04097452934662237
212.5 47.5 0.03857511997046881
212.5 52.5 0.03506829088224437
212.5 57.5 0.02547065337763012
212.5 62.5 0.017349575489110373
212.5 67.5 0.011812476928755998
212.5 72.5 0.008859357696566999
212.5 77.5 0.008490217792543374
212.5 82.5 0.008674787744555186
212.5 87.5 0.00904392764857881
212.5 92.5 0.010889627168696936
212.5 97.5 0.012366186784791436
212.5 102.5 0.016057585825027684
212.5 107.5 0.019748984865263934
212.5 112.5 0.02159468438538206
212.5 117.5 0.0221483942414175
212.5 122.5 0.022886674049464747
212.5 127.5 0.023809523809523808
212.5 132.5 0.02897748246585456
212.5 137.5 0.034699150978220746
212.5 142.5 0.04171280915466962
212.5 147.5 0.05094130675526024
212.5 152.5 0.061461794019933555
212.5 157.5 0.07032115171650055
212.5 162.5 0.07733480989294943
212.5 167.5 0.08508674787744555
212.5 172.5 0.09579180509413067
212.5 177.5 0.10280546327057954
217.5 2.5 0.05426356589147287
217.5 7.5 0.048726467331118496
217.5 12.5 0.04189737910668143
217.5 17.5 0.03709856035437431
217.5 22.5 0.03451458102620893
217.5 27.5 0.030269472129937247
217.5 32.5 0.022886674049464747
217.5 37.5 0.018826135105204873
217.5 42.5 0.017718715393133997
217.5 47.5 0.01568844592100406
217.5 52.5 0.01347360649686231
217.5 57.5 0.011627906976744186
217.5 62.5 0.008490217792543374
217.5 67.5 0.006090808416389812
217.5 72.5 0.00516795865633075
217.5 77.5 0.004245108896271687
217.5 82.5 0.004245108896271687
217.5 87.5 0.004245108896271687
217.5 92.5 0.005537098560354375
217.5 97.5 0.0070136581764488745
217.5 102.5 0.009413067552602437
217.5 107.5 0.011812476928755998
217.5 112.5 0.012366186784791436
217.5 117.5 0.012550756736803248
217.5 122.5 0.01273532668881506
217.5 127.5 0.014027316352897749
217.5 132.5 0.01568844592100406
217.5 137.5 0.018826135105204873
217.5 142.5 0.027316352897748246
217.5 147.5 0.03820598006644518
217.5 152.5 0.04595791805094131
217.5 157.5 0.051310446659283866
217.5 162.5 0.05297157622739018
217.5 167.5 0.05370985603543743
217.5 172.5 0.054817275747508304
217.5 177.5 0.055740125507567365
222.5 2.5 0.018826135105204873
222.5 7.5 0.01790328534514581
222.5 12.5 0.015503875968992248
222.5 17.5 0.014027316352897749
222.5 22.5 0.012550756736803248
222.5 27.5 0.012366186784791436
222.5 32.5 0.01107419712070875
222.5 37.5 0.009413067552602437
222.5 42.5 0.008674787744555186
222.5 47.5 0.008305647840531562
222.5 52.5 0.007567368032484312
222.5 57.5 0.006644518272425249
222.5 62.5 0.005537098560354375
222.5 67.5 0.004245108896271687
222.5 72.5 0.0036913990402362494
222.5 77.5 0.0035068290882244372
222.5 82.5 0.0033222591362126247
222.5 87.5 0.0035068290882244372
222.5 92.5 0.003875968992248062
222.5 97.5 0.00516795865633075
222.5 102.5 0.006090808416389812
222.5 107.5 0.007567368032484312
222.5 112.5 0.008305647840531562
222.5 117.5 0.008674787744555186
222.5 122.5 0.008859357696566999
222.5 127.5 0.009413067552602437
222.5 132.5 0.010889627168696936
222.5 137.5 0.01199704688076781
222.5 142.5 0.014027316352897749
222.5 147.5 0.019195275009228498
222.5 152.5 0.02454780361757106
222.5 157.5 0.030084902177925435
222.5 162.5 0.02916205241786637
222.5 167.5 0.023624953857511996
222.5 172.5 0.020671834625323
222.5 177.5 0.019010705057216686
227.5 2.5 0.005537098560354375
227.5 7.5 0.006090808416389812
227.5 12.5 0.006459948320413436
227.5 17.5 0.006459948320413436
227.5 22.5 0.006090808416389812
227.5 27.5 0.005906238464377999
227.5 32.5 0.005537098560354375
227.5 37.5 0.00516795865633075
227.5 42.5 0.00516795865633075
227.5 47.5 0.004429678848283499
227.5 52.5 0.004245108896271687
227.5 57.5 0.003875968992248062
227.5 62.5 0.0036913990402362494
227.5 67.5 0.0035068290882244372
227.5 72.5 0.0029531192321889995
227.5 77.5 0.002399409376153562
227.5 82.5 0.002030269472129937
227.5 87.5 0.0022148394241417496
227.5 92.5 0.0033222591362126247
227.5 97.5 0.0036913990402362494
227.5 102.5 0.004245108896271687
227.5 107.5 0.00516795865633075
227.5 112.5 0.005537098560354375
227.5 117.5 0.005906238464377999
227.5 122.5 0.005906238464377999
227.5 127.5 0.006090808416389812
227.5 132.5 0.006644518272425249
227.5 137.5 0.0070136581764488745
227.5 142.5 0.008121077888519748
227.5 147.5 0.00904392764857881
227.5 152.5 0.010889627168696936
227.5 157.5 0.010889627168696936
227.5 162.5 0.009966777408637873
227.5 167.5 0.008121077888519748
227.5 172.5 0.006090808416389812
227.5 177.5 0.005537098560354375
232.5 2.5 0.0018456995201181247
232.5 7.5 0.0027685492801771874
232.5 12.5 0.0033222591362126247
232.5 17.5 0.0036913990402362494
232.5 22.5 0.0036913990402362494
232.5 27.5 0.0035068290882244372
232.5 32.5 0.0035068290882244372
232.5 37.5 0.0033222591362126247
232.5 42.5 0.0033222591362126247
232.5 47.5 0.0027685492801771874
232.5 52.5 0.0027685492801771874
232.5 57.5 0.0022148394241417496
232.5 62.5 0.002030269472129937
232.5 67.5 0.0018456995201181247
232.5 72.5 0.0016611295681063123
232.5 77.5 0.0016611295681063123
232.5 82.5 0.0016611295681063123
232.5 87.5 0.0016611295681063123
232.5 92.5 0.002030269472129937
232.5 97.5 0.0027685492801771874
232.5 102.5 0.0035068290882244372
232.5 107.5 0.0036913990402362494
232.5 112.5 0.003875968992248062
232.5 117.5 0.004060538944259874
232.5 122.5 0.004060538944259874
232.5 127.5 0.004060538944259874
232.5 132.5 0.004245108896271687
232.5 137.5 0.004245108896271687
232.5 142.5 0.0049833887043189366
232.5 147.5 0.00516795865633075
232.5 152.5 0.00516795865633075
232.5 157.5 0.00516795865633075
232.5 162.5 0.004245108896271687
232.5 167.5 0.003875968992248062
232.5 172.5 0.0033222591362126247
232.5 177.5 0.0018456995201181247
237.5 2.5 7.382798080472499E-4
237.5 7.5 7.382798080472499E-4
237.5 12.5 0.0012919896640826874
237.5 17.5 0.0012919896640826874
237.5 22.5 0.0018456995201181247
237.5 27.5 0.002030269472129937
237.5 32.5 0.002030269472129937
237.5 37.5 0.0018456995201181247
237.5 42.5 0.0016611295681063123
237.5 47.5 0.0012919896640826874
237.5 52.5 0.0012919896640826874
237.5 57.5 0.0012919896640826874
237.5 62.5 0.0012919896640826874
237.5 67.5 0.0012919896640826874
237.5 72.5 0.0012919896640826874
237.5 77.5 0.0012919896640826874
237.5 82.5 0.0012919896640826874
237.5 87.5 0.0012919896640826874
237.5 92.5 0.0016611295681063123
237.5 97.5 0.0016611295681063123
237.5 102.5 0.002030269472129937
237.5 107.5 0.0027685492801771874
237.5 112.5 0.0033222591362126247
237.5 117.5 0.0035068290882244372
237.5 122.5 0.0035068290882244372
237.5 127.5 0.0033222591362126247
237.5 132.5 0.0033222591362126247
237.5 137.5 0.0035068290882244372
237.5 142.5 0.0035068290882244372
237.5 147.5 0.0036913990402362494
237.5 152.5 0.003875968992248062
237.5 157.5 0.003875968992248062
237.5 162.5 0.003875968992248062
237.5 167.5 0.0035068290882244372
237.5 172.5 0.002030269472129937
237.5 177.5 0.0012919896640826874
242.5 2.5 0.0022148394241417496
242.5 7.5 0.002030269472129937
242.5 12.5 0.0018456995201181247
242.5 17.5 0.002030269472129937
242.5 22.5 0.0022148394241417496
242.5 27.5 0.0022148394241417496
242.5 32.5 0.0022148394241417496
242.5 37.5 0.002030269472129937
242.5 42.5 0.0012919896640826874
242.5 47.5 0.0012919896640826874
242.5 52.5 7.382798080472499E-4
242.5 57.5 5.537098560354374E-4
242.5 62.5 5.537098560354374E-4
242.5 67.5 5.537098560354374E-4
242.5 72.5 9.228497600590623E-4
242.5 77.5 0.0012919896640826874
242.5 82.5 0.0012919896640826874
242.5 87.5 0.0012919896640826874
242.5 92.5 0.0014765596160944998
242.5 97.5 0.0016611295681063123
242.5 102.5 0.0016611295681063123
242.5 107.5 0.002030269472129937
242.5 112.5 0.002030269472129937
242.5 117.5 0.002030269472129937
242.5 122.5 0.002030269472129937
242.5 127.5 0.002030269472129937
242.5 132.5 0.002030269472129937
242.5 137.5 0.0027685492801771874
242.5 142.5 0.0033222591362126247
242.5 147.5 0.0036913990402362494
242.5 152.5 0.004060538944259874
242.5 157.5 0.004245108896271687
242.5 162.5 0.004245108896271687
242.5 167.5 0.004060538944259874
242.5 172.5 0.0036913990402362494
242.5 177.5 0.0033222591362126247
247.5 2.5 0.00516795865633075
247.5 7.5 0.00516795865633075
247.5 12.5 0.004614248800295312
247.5 17.5 0.004245108896271687
247.5 22.5 0.004060538944259874
247.5 27.5 0.003875968992248062
247.5 32.5 0.0036913990402362494
247.5 37.5 0.0035068290882244372
247.5 42.5 0.0027685492801771874
247.5 47.5 0.0016611295681063123
247.5 52.5 0.0012919896640826874
247.5 57.5 7.382798080472499E-4
247.5 62.5 5.537098560354374E-4
247.5 67.5 5.537098560354374E-4
247.5 72.5 7.382798080472499E-4
247.5 77.5 0.0012919896640826874
247.5 82.5 0.0012919896640826874
247.5 87.5 0.0016611295681063123
247.5 92.5 0.0016611295681063123
247.5 97.5 0.002030269472129937
247.5 102.5 0.002030269472129937
247.5 107.5 0.002030269472129937
247.5 112.5 0.002030269472129937
247.5 117.5 0.002030269472129937
247.5 122.5 0.002030269472129937
247.5 127.5 0.0022148394241417496
247.5 132.5 0.0027685492801771874
247.5 137.5 0.0035068290882244372
247.5 142.5 0.003875968992248062
247.5 147.5 0.00516795865633075
247.5 152.5 0.006090808416389812
247.5 157.5 0.0068290882244370615
247.5 162.5 0.007567368032484312
247.5 167.5 0.007567368032484312
247.5 172.5 0.006644518272425249
247.5 177.5 0.005906238464377999
252.5 2.5 0.012366186784791436
252.5 7.5 0.011627906976744186
252.5 12.5 0.010889627168696936
252.5 17.5 0.009413067552602437
252.5 22.5 0.008121077888519748
252.5 27.5 0.006644518272425249
252.5 32.5 0.005537098560354375
252.5 37.5 0.0049833887043189366
252.5 42.5 0.003875968992248062
252.5 47.5 0.0035068290882244372
252.5 52.5 0.002030269472129937
252.5 57.5 0.0012919896640826874
252.5 62.5 0.0011074197120708748
252.5 67.5 9.228497600590623E-4
252.5 72.5 0.0012919896640826874
252.5 77.5 0.0012919896640826874
252.5 82.5 0.0018456995201181247
252.5 87.5 0.0022148394241417496
252.5 92.5 0.0027685492801771874
252.5 97.5 0.0033222591362126247
252.5 102.5 0.0033222591362126247
252.5 107.5 0.0035068290882244372
252.5 112.5 0.0035068290882244372
252.5 117.5 0.0036913990402362494
252.5 122.5 0.0036913990402362494
252.5 127.5 0.003875968992248062
252.5 132.5 0.004060538944259874
252.5 137.5 0.00516795865633075
252.5 142.5 0.006090808416389812
252.5 147.5 0.008121077888519748
252.5 152.5 0.010889627168696936
252.5 157.5 0.012366186784791436
252.5 162.5 0.014027316352897749
252.5 167.5 0.014765596160944998
252.5 172.5 0.014396456256921373
252.5 177.5 0.013104466592838687
257.5 2.5 0.035622000738279806
257.5 7.5 0.03248431155407899
257.5 12.5 0.026393503137689185
257.5 17.5 0.020302694721299374
257.5 22.5 0.015503875968992248
257.5 27.5 0.01199704688076781
257.5 32.5 0.00904392764857881
257.5 37.5 0.0070136581764488745
257.5 42.5 0.005537098560354375
257.5 47.5 0.004245108896271687
257.5 52.5 0.0036913990402362494
257.5 57.5 0.0027685492801771874
257.5 62.5 0.0016611295681063123
257.5 67.5 0.0016611295681063123
257.5 72.5 0.0016611295681063123
257.5 77.5 0.0022148394241417496
257.5 82.5 0.0033222591362126247
257.5 87.5 0.0036913990402362494
257.5 92.5 0.003875968992248062
257.5 97.5 0.004060538944259874
257.5 102.5 0.004245108896271687
257.5 107.5 0.004614248800295312
257.5 112.5 0.00516795865633075
257.5 117.5 0.005537098560354375
257.5 122.5 0.005906238464377999
257.5 127.5 0.006644518272425249
257.5 132.5 0.007751937984496124
257.5 137.5 0.008674787744555186
257.5 142.5 0.01107419712070875
257.5 147.5 0.01273532668881506
257.5 152.5 0.01845699520118125
257.5 157.5 0.023809523809523808
257.5 162.5 0.032668881506090805
257.5 167.5 0.035622000738279806
257.5 172.5 0.03783684016242156
257.5 177.5 0.03820598006644518
262.5 2.5 0.062384643779992616
262.5 7.5 0.055924695459579184
262.5 12.5 0.05075673680324843
262.5 17.5 0.04318936877076412
262.5 22.5 0.03340716131413806
262.5 27.5 0.02011812476928756
262.5 32.5 0.013289036544850499
262.5 37.5 0.010889627168696936
262.5 42.5 0.008121077888519748
262.5 47.5 0.006090808416389812
262.5 52.5 0.004429678848283499
262.5 57.5 0.0036913990402362494
262.5 62.5 0.0033222591362126247
262.5 67.5 0.0033222591362126247
262.5 72.5 0.0035068290882244372
262.5 77.5 0.003875968992248062
262.5 82.5 0.004245108896271687
262.5 87.5 0.00516795865633075
262.5 92.5 0.005537098560354375
262.5 97.5 0.005906238464377999
262.5 102.5 0.006644518272425249
262.5 107.5 0.007751937984496124
262.5 112.5 0.00904392764857881
262.5 117.5 0.010889627168696936
262.5 122.5 0.01199704688076781
262.5 127.5 0.012550756736803248
262.5 132.5 0.014765596160944998
262.5 137.5 0.017534145441122185
262.5 142.5 0.018826135105204873
262.5 147.5 0.02454780361757106
262.5 152.5 0.03617571059431524
262.5 157.5 0.047434477667035804
262.5 162.5 0.055924695459579184
262.5 167.5 0.06496862310815799
262.5 172.5 0.06884459210040605
262.5 177.5 0.06699889258028793
267.5 2.5 0.13067552602436322
267.5 7.5 0.11369509043927649
267.5 12.5 0.08748615725359911
267.5 17.5 0.06829088224437062
267.5 22.5 0.052417866371354746
267.5 27.5 0.03802141011443337
267.5 32.5 0.020671834625323
267.5 37.5 0.013104466592838687
267.5 42.5 0.010889627168696936
267.5 47.5 0.007751937984496124
267.5 52.5 0.005906238464377999
267.5 57.5 0.004614248800295312
267.5 62.5 0.004060538944259874
267.5 67.5 0.004245108896271687
267.5 72.5 0.00516795865633075
267.5 77.5 0.005537098560354375
267.5 82.5 0.006459948320413436
267.5 87.5 0.007567368032484312
267.5 92.5 0.008490217792543374
267.5 97.5 0.009597637504614249
267.5 102.5 0.011627906976744186
267.5 107.5 0.013289036544850499
267.5 112.5 0.017534145441122185
267.5 117.5 0.019933554817275746
267.5 122.5 0.02307124400147656
267.5 127.5 0.02823920265780731
267.5 132.5 0.03229974160206718
267.5 137.5 0.03488372093023256
267.5 142.5 0.03857511997046881
267.5 147.5 0.047434477667035804
267.5 152.5 0.06496862310815799
267.5 157.5 0.09616094499815431
267.5 162.5 0.1303063861203396
267.5 167.5 0.15873015873015872
267.5 172.5 0.16223698781838317
267.5 177.5 0.15319306016980436
272.5 2.5 0.29254337393872276
272.5 7.5 0.22240679217423404
272.5 12.5 0.1626061277224068
272.5 17.5 0.11517165005537099
272.5 22.5 0.07401255075673681
272.5 27.5 0.0518641565153193
272.5 32.5 0.03359173126614987
272.5 37.5 0.01790328534514581
272.5 42.5 0.012366186784791436
272.5 47.5 0.00904392764857881
272.5 52.5 0.006644518272425249
272.5 57.5 0.005906238464377999
272.5 62.5 0.005537098560354375
272.5 67.5 0.006090808416389812
272.5 72.5 0.0070136581764488745
272.5 77.5 0.008305647840531562
272.5 82.5 0.009966777408637873
272.5 87.5 0.01199704688076781
272.5 92.5 0.01347360649686231
272.5 97.5 0.017718715393133997
272.5 102.5 0.02177925433739387
272.5 107.5 0.030269472129937247
272.5 112.5 0.03765227021040975
272.5 117.5 0.042820228866740494
272.5 122.5 0.04798818752307124
272.5 127.5 0.05278700627537837
272.5 132.5 0.060538944259874494
272.5 137.5 0.06773717238833518
272.5 142.5 0.07715023994093761
272.5 147.5 0.10483573274270949
272.5 152.5 0.16371354743447766
272.5 157.5 0.24473975636766335
272.5 162.5 0.32281284606866
272.5 167.5 0.36803248431155405
272.5 172.5 0.40014765596160945
272.5 177.5 0.37024732373569585
277.5 2.5 0.5155038759689923
277.5 7.5 0.36858619416758953
277.5 12.5 0.23846437799926173
277.5 17.5 0.1566998892580288
277.5 22.5 0.09579180509413067
277.5 27.5 0.06275378368401624
277.5 32.5 0.04097452934662237
277.5 37.5 0.02159468438538206
277.5 42.5 0.01273532668881506
277.5 47.5 0.010151347360649687
277.5 52.5 0.007936507936507936
277.5 57.5 0.0070136581764488745
277.5 62.5 0.007382798080472499
277.5 67.5 0.008305647840531562
277.5 72.5 0.0103359173126615
277.5 77.5 0.012181616832779624
277.5 82.5 0.014765596160944998
277.5 87.5 0.019933554817275746
277.5 92.5 0.028054632705795498
277.5 97.5 0.0369139904023625
277.5 102.5 0.04540420819490587
277.5 107.5 0.055740125507567365
277.5 112.5 0.06976744186046512
277.5 117.5 0.08951642672572906
277.5 122.5 0.1094499815430048
277.5 127.5 0.12550756736803248
277.5 132.5 0.15319306016980436
277.5 137.5 0.18124769287559986
277.5 142.5 0.2188999630860096
277.5 147.5 0.2836840162421558
277.5 152.5 0.40476190476190477
277.5 157.5 0.5566629752676264
277.5 162.5 0.6524547803617571
277.5 167.5 0.6912144702842378
277.5 172.5 0.6952750092284976
277.5 177.5 0.6519010705057217
282.5 2.5 0.6554078995939461
282.5 7.5 0.44776670358065707
282.5 12.5 0.2798080472499077
282.5 17.5 0.17201919527500922
282.5 22.5 0.10169804355850867
282.5 27.5 0.06496862310815799
282.5 32.5 0.04245108896271687
282.5 37.5 0.022886674049464747
282.5 42.5 0.01273532668881506
282.5 47.5 0.0103359173126615
282.5 52.5 0.008490217792543374
282.5 57.5 0.008490217792543374
282.5 62.5 0.009413067552602437
282.5 67.5 0.011627906976744186
282.5 72.5 0.01347360649686231
282.5 77.5 0.01790328534514581
282.5 82.5 0.02454780361757106
282.5 87.5 0.03820598006644518
282.5 92.5 0.04891103728313031
282.5 97.5 0.06349206349206349
282.5 102.5 0.08231819859726837
282.5 107.5 0.11554078995939461
282.5 112.5 0.1552233296419343
282.5 117.5 0.1997046880767811
282.5 122.5 0.2351421188630491
282.5 127.5 0.2724252491694352
282.5 132.5 0.3383167220376523
282.5 137.5 0.4108527131782946
282.5 142.5 0.47858988556662974
282.5 147.5 0.5828719084533038
282.5 152.5 0.6950904392764858
282.5 157.5 0.7929125138427464
282.5 162.5 0.8567737172388336
282.5 167.5 0.8776301218161683
282.5 172.5 0.8482834994462901
282.5 177.5 0.7748246585455888
287.5 2.5 0.6618678479143596
287.5 7.5 0.43872277593207826
287.5 12.5 0.25599852344038393
287.5 17.5 0.15190107050572166
287.5 22.5 0.08785529715762273
287.5 27.5 0.05740125507567368
287.5 32.5 0.03857511997046881
287.5 37.5 0.020302694721299374
287.5 42.5 0.012366186784791436
287.5 47.5 0.009966777408637873
287.5 52.5 0.00904392764857881
287.5 57.5 0.010520487264673311
287.5 62.5 0.012181616832779624
287.5 67.5 0.015134736064968624
287.5 72.5 0.019933554817275746
287.5 77.5 0.028608342561830934
287.5 82.5 0.04097452934662237
287.5 87.5 0.055924695459579184
287.5 92.5 0.07825765965300849
287.5 97.5 0.11424880029531193
287.5 102.5 0.15559246954595793
287.5 107.5 0.20893318567737174
287.5 112.5 0.28054632705795496
287.5 117.5 0.3608342561830934
287.5 122.5 0.4263565891472868
287.5 127.5 0.5038759689922481
287.5 132.5 0.5904392764857881
287.5 137.5 0.6517165005537099
287.5 142.5 0.7004429678848284
287.5 147.5 0.7583979328165374
287.5 152.5 0.8329641934293097
287.5 157.5 0.9294942783314877
287.5 162.5 1.0
287.5 167.5 0.9979697305278701
287.5 172.5 0.9150978220745662
287.5 177.5 0.798265042451089
292.5 2.5 0.524547803617571
292.5 7.5 0.3298265042451089
292.5 12.5 0.1849390919158361
292.5 17.5 0.10225175341454411
292.5 22.5 0.06404577334809892
292.5 27.5 0.04466592838685862
292.5 32.5 0.02823920265780731
292.5 37.5 0.01568844592100406
292.5 42.5 0.011258767072720562
292.5 47.5 0.00904392764857881
292.5 52.5 0.009413067552602437
292.5 57.5 0.01199704688076781
292.5 62.5 0.014396456256921373
292.5 67.5 0.019748984865263934
292.5 72.5 0.028423772609819122
292.5 77.5 0.039313399778516056
292.5 82.5 0.052417866371354746
292.5 87.5 0.07456626061277224
292.5 92.5 0.11424880029531193
292.5 97.5 0.1613141380583241
292.5 102.5 0.21908453303802142
292.5 107.5 0.30361757105943155
292.5 112.5 0.4108527131782946
292.5 117.5 0.5011074197120708
292.5 122.5 0.6000369139904024
292.5 127.5 0.6749723145071982
292.5 132.5 0.7111480251015134
292.5 137.5 0.743078626799557
292.5 142.5 0.7787006275378369
292.5 147.5 0.8220745662606128
292.5 152.5 0.8776301218161683
292.5 157.5 0.9387227759320783
292.5 162.5 0.9715762273901809
292.5 167.5 0.9306016980435585
292.5 172.5 0.8383167220376523
292.5 177.5 0.7120708748615725
297.5 2.5 0.3032484311554079
297.5 7.5 0.18604651162790697
297.5 12.5 0.10095976375046142
297.5 17.5 0.059800664451827246
297.5 22.5 0.04189737910668143
297.5 27.5 0.02768549280177187
297.5 32.5 0.017534145441122185
297.5 37.5 0.01199704688076781
297.5 42.5 0.008674787744555186
297.5 47.5 0.008305647840531562
297.5 52.5 0.009597637504614249
297.5 57.5 0.012366186784791436
297.5 62.5 0.017349575489110373
297.5 67.5 0.02307124400147656
297.5 72.5 0.034699150978220746
297.5 77.5 0.04558877814691768
297.5 82.5 0.05998523440383906
297.5 87.5 0.0828719084533038
297.5 92.5 0.12513842746400886
297.5 97.5 0.18161683277962348
297.5 102.5 0.2499077150239941
297.5 107.5 0.34680693983019567
297.5 112.5 0.44481358434846807
297.5 117.5 0.5555555555555556
297.5 122.5 0.6445182724252492
297.5 127.5 0.7002583979328165
297.5 132.5 0.7290513104466593
297.5 137.5 0.7403100775193798
297.5 142.5 0.7552602436323367
297.5 147.5 0.7827611664820967
297.5 152.5 0.8034330011074197
297.5 157.5 0.8104466592838686
297.5 162.5 0.7973421926910299
297.5 167.5 0.751015134736065
297.5 172.5 0.6618678479143596
297.5 177.5 0.4684385382059801
302.5 2.5 0.12901439645625692
302.5 7.5 0.07973421926910298
302.5 12.5 0.04983388704318937
302.5 17.5 0.032668881506090805
302.5 22.5 0.018826135105204873
302.5 27.5 0.01273532668881506
302.5 32.5 0.010889627168696936
302.5 37.5 0.007751937984496124
302.5 42.5 0.006644518272425249
302.5 47.5 0.0068290882244370615
302.5 52.5 0.008859357696566999
302.5 57.5 0.012366186784791436
302.5 62.5 0.017534145441122185
302.5 67.5 0.023624953857511996
302.5 72.5 0.03580657069029162
302.5 77.5 0.04595791805094131
302.5 82.5 0.05813953488372093
302.5 87.5 0.07659653008490218
302.5 92.5 0.11443337024732374
302.5 97.5 0.1644518272425249
302.5 102.5 0.22683647102251753
302.5 107.5 0.299187892211148
302.5 112.5 0.3962716869693614
302.5 117.5 0.4750830564784053
302.5 122.5 0.5732742709486895
302.5 127.5 0.6317829457364341
302.5 132.5 0.6543004798818752
302.5 137.5 0.6360280546327058
302.5 142.5 0.6253229974160207
302.5 147.5 0.6301218161683277
302.5 152.5 0.6275378368401624
302.5 157.5 0.6016980435585086
302.5 162.5 0.5276854928017719
302.5 167.5 0.4315245478036176
302.5 172.5 0.30509413067552604
302.5 177.5 0.20081210778885197
307.5 2.5 0.04891103728313031
307.5 7.5 0.036360280546327055
307.5 12.5 0.019933554817275746
307.5 17.5 0.012366186784791436
307.5 22.5 0.009413067552602437
307.5 27.5 0.007567368032484312
307.5 32.5 0.006090808416389812
307.5 37.5 0.00516795865633075
307.5 42.5 0.0049833887043189366
307.5 47.5 0.005537098560354375
307.5 52.5 0.007567368032484312
307.5 57.5 0.010889627168696936
307.5 62.5 0.014765596160944998
307.5 67.5 0.02085640457733481
307.5 72.5 0.03156146179401993
307.5 77.5 0.04097452934662237
307.5 82.5 0.04964931709117756
307.5 87.5 0.061461794019933555
307.5 92.5 0.07918050941306755
307.5 97.5 0.11867847914359542
307.5 102.5 0.16371354743447766
307.5 107.5 0.20468807678110004
307.5 112.5 0.2499077150239941
307.5 117.5 0.3089700996677741
307.5 122.5 0.3711701734957549
307.5 127.5 0.41786637135474347
307.5 132.5 0.42414174972314506
307.5 137.5 0.39405684754521964
307.5 142.5 0.349390919158361
307.5 147.5 0.3180140273163529
307.5 152.5 0.2836840162421558
307.5 157.5 0.2368032484311554
307.5 162.5 0.19121447028423771
307.5 167.5 0.14377999261720192
307.5 172.5 0.09449981543004798
307.5 177.5 0.06275378368401624
312.5 2.5 0.014765596160944998
312.5 7.5 0.011812476928755998
312.5 12.5 0.008121077888519748
312.5 17.5 0.006090808416389812
312.5 22.5 0.005537098560354375
312.5 27.5 0.004245108896271687
312.5 32.5 0.003875968992248062
312.5 37.5 0.0036913990402362494
312.5 42.5 0.0036913990402362494
312.5 47.5 0.004060538944259874
312.5 52.5 0.005906238464377999
312.5 57.5 0.008305647840531562
312.5 62.5 0.01199704688076781
312.5 67.5 0.01568844592100406
312.5 72.5 0.021410114433370247
312.5 77.5 0.030269472129937247
312.5 82.5 0.03820598006644518
312.5 87.5 0.04448135843484681
312.5 92.5 0.05149501661129568
312.5 97.5 0.06736803248431156
312.5 102.5 0.09302325581395349
312.5 107.5 0.11590992986341823
312.5 112.5 0.12679955703211518
312.5 117.5 0.14101144333702473
312.5 122.5 0.15559246954595793
312.5 127.5 0.17681801402731634
312.5 132.5 0.18401624215577703
312.5 137.5 0.1746031746031746
312.5 142.5 0.1478405315614618
312.5 147.5 0.12403100775193798
312.5 152.5 0.10243632336655592
312.5 157.5 0.07641196013289037
312.5 162.5 0.05740125507567368
312.5 167.5 0.04189737910668143
312.5 172.5 0.026208933185677373
312.5 177.5 0.01790328534514581
317.5 2.5 0.00516795865633075
317.5 7.5 0.004060538944259874
317.5 12.5 0.0036913990402362494
317.5 17.5 0.0033222591362126247
317.5 22.5 0.0029531192321889995
317.5 27.5 0.002583979328165375
317.5 32.5 0.002030269472129937
317.5 37.5 0.0016611295681063123
317.5 42.5 0.0016611295681063123
317.5 47.5 0.0027685492801771874
317.5 52.5 0.003875968992248062
317.5 57.5 0.005906238464377999
317.5 62.5 0.008121077888519748
317.5 67.5 0.010889627168696936
317.5 72.5 0.012550756736803248
317.5 77.5 0.015873015873015872
317.5 82.5 0.019195275009228498
317.5 87.5 0.022886674049464747
317.5 92.5 0.02823920265780731
317.5 97.5 0.038390550018456995
317.5 102.5 0.04891103728313031
317.5 107.5 0.059800664451827246
317.5 112.5 0.062384643779992616
317.5 117.5 0.059800664451827246
317.5 122.5 0.055924695459579184
317.5 127.5 0.05740125507567368
317.5 132.5 0.062384643779992616
317.5 137.5 0.06127722406792174
317.5 142.5 0.05370985603543743
317.5 147.5 0.047619047619047616
317.5 152.5 0.039128829826504244
317.5 157.5 0.024916943521594685
317.5 162.5 0.01568844592100406
317.5 167.5 0.010889627168696936
317.5 172.5 0.006644518272425249
317.5 177.5 0.005537098560354375
322.5 2.5 3.6913990402362494E-4
322.5 7.5 1.8456995201181247E-4
322.5 12.5 1.8456995201181247E-4
322.5 17.5 3.6913990402362494E-4
322.5 22.5 3.6913990402362494E-4
322.5 27.5 3.6913990402362494E-4
322.5 32.5 3.6913990402362494E-4
322.5 37.5 1.8456995201181247E-4
322.5 42.5 1.8456995201181247E-4
322.5 47.5 7.382798080472499E-4
322.5 52.5 0.002030269472129937
322.5 57.5 0.0036913990402362494
322.5 62.5 0.00516795865633075
322.5 67.5 0.006090808416389812
322.5 72.5 0.007382798080472499
322.5 77.5 0.008490217792543374
322.5 82.5 0.00904392764857881
322.5 87.5 0.009966777408637873
322.5 92.5 0.01107419712070875
322.5 97.5 0.012366186784791436
322.5 102.5 0.01864156515319306
322.5 107.5 0.026208933185677373
322.5 112.5 0.029715762273901807
322.5 117.5 0.02454780361757106
322.5 122.5 0.02177925433739387
322.5 127.5 0.02085640457733481
322.5 132.5 0.021040974529346623
322.5 137.5 0.01864156515319306
322.5 142.5 0.015134736064968624
322.5 147.5 0.012366186784791436
322.5 152.5 0.00904392764857881
322.5 157.5 0.006644518272425249
322.5 162.5 0.00516795865633075
322.5 167.5 0.0036913990402362494
322.5 172.5 0.0016611295681063123
322.5 177.5 9.228497600590623E-4
327.5 12.5 1.8456995201181247E-4
327.5 17.5 1.8456995201181247E-4
327.5 22.5 1.8456995201181247E-4
327.5 27.5 1.8456995201181247E-4
327.5 32.5 1.8456995201181247E-4
327.5 37.5 1.8456995201181247E-4
327.5 42.5 1.8456995201181247E-4
327.5 47.5 1.8456995201181247E-4
327.5 52.5 3.6913990402362494E-4
327.5 57.5 0.0012919896640826874
327.5 62.5 0.0027685492801771874
327.5 67.5 0.0035068290882244372
327.5 72.5 0.0036913990402362494
327.5 77.5 0.003875968992248062
327.5 82.5 0.004060538944259874
327.5 87.5 0.004060538944259874
327.5 92.5 0.004245108896271687
327.5 97.5 0.00516795865633075
327.5 102.5 0.005906238464377999
327.5 107.5 0.007751937984496124
327.5 112.5 0.008490217792543374
327.5 117.5 0.008305647840531562
327.5 122.5 0.007567368032484312
327.5 127.5 0.0068290882244370615
327.5 132.5 0.005906238464377999
327.5 137.5 0.00516795865633075
327.5 142.5 0.003875968992248062
327.5 147.5 0.0036913990402362494
327.5 152.5 0.0035068290882244372
327.5 157.5 0.0027685492801771874
327.5 162.5 0.0012919896640826874
327.5 167.5 1.8456995201181247E-4
327.5 172.5 1.8456995201181247E-4
332.5 27.5 1.8456995201181247E-4
332.5 32.5 1.8456995201181247E-4
332.5 37.5 1.8456995201181247E-4
332.5 42.5 1.8456995201181247E-4
332.5 47.5 1.8456995201181247E-4
332.5 52.5 1.8456995201181247E-4
332.5 57.5 1.8456995201181247E-4
332.5 62.5 1.8456995201181247E-4
332.5 67.5 3.6913990402362494E-4
332.5 72.5 7.382798080472499E-4
332.5 77.5 9.228497600590623E-4
332.5 82.5 0.0012919896640826874
332.5 87.5 0.0012919896640826874
332.5 92.5 0.0012919896640826874
332.5 97.5 0.0016611295681063123
332.5 102.5 0.0022148394241417496
332.5 107.5 0.0035068290882244372
332.5 112.5 0.0036913990402362494
332.5 117.5 0.0036913990402362494
332.5 122.5 0.0035068290882244372
332.5 127.5 0.0027685492801771874
332.5 132.5 0.0012919896640826874
332.5 137.5 1.8456995201181247E-4
332.5 142.5 1.8456995201181247E-4
332.5 147.5 1.8456995201181247E-4
332.5 152.5 1.8456995201181247E-4
332.5 157.5 1.8456995201181247E-4
337.5 57.5 1.8456995201181247E-4
337.5 62.5 1.8456995201181247E-4
337.5 67.5 1.8456995201181247E-4
337.5 72.5 1.8456995201181247E-4
337.5 77.5 1.8456995201181247E-4
337.5 82.5 1.8456995201181247E-4
337.5 87.5 1.8456995201181247E-4
337.5 92.5 1.8456995201181247E-4
337.5 97.5 1.8456995201181247E-4
337.5 102.5 3.6913990402362494E-4
337.5 107.5 3.6913990402362494E-4
337.5 112.5 5.537098560354374E-4
337.5 117.5 3.6913990402362494E-4
337.5 122.5 1.8456995201181247E-4
337.5 127.5 1.8456995201181247E-4
337.5 132.5 1.8456995201181247E-4
342.5 72.5 1.8456995201181247E-4
342.5 77.5 1.8456995201181247E-4
342.5 82.5 1.8456995201181247E-4
342.5 87.5 1.8456995201181247E-4
342.5 92.5 1.8456995201181247E-4
342.5 97.5 1.8456995201181247E-4
342.5 102.5 1.8456995201181247E-4
342.5 107.5 1.8456995201181247E-4
342.5 112.5 1.8456995201181247E-4
342.5 117.5 1.8456995201181247E-4
342.5 122.5 1.8456995201181247E-4
