# Table name/description: "Top500 Thr B<40"
# Number of dimensions: 1
# For each dimension, 1 to 1: lower_bound  upper_bound  number_of_bins  wrapping
#   x1: 0.0 360.0 360 true
# List of table coordinates and values. (Value is last number on each line.)
17.5 3.355704697986577E-4
18.5 0.0010067114093959733
19.5 0.001174496644295302
20.5 0.0015100671140939597
21.5 0.0016778523489932886
22.5 0.0020134228187919465
23.5 0.0028523489932885905
24.5 0.0050335570469798654
25.5 0.00587248322147651
26.5 0.00587248322147651
27.5 0.006208053691275168
28.5 0.007046979865771812
29.5 0.00738255033557047
30.5 0.0077181208053691275
31.5 0.008221476510067114
32.5 0.00889261744966443
33.5 0.009899328859060403
34.5 0.011241610738255034
35.5 0.012416107382550336
36.5 0.014261744966442953
37.5 0.01778523489932886
38.5 0.02214765100671141
39.5 0.028187919463087248
40.5 0.033389261744966446
41.5 0.04798657718120805
42.5 0.06543624161073826
43.5 0.07936241610738255
44.5 0.10838926174496644
45.5 0.12936241610738256
46.5 0.1644295302013423
47.5 0.1808724832214765
48.5 0.20570469798657717
49.5 0.22919463087248323
50.5 0.2570469798657718
51.5 0.31728187919463086
52.5 0.3565436241610738
53.5 0.39848993288590606
54.5 0.41778523489932884
55.5 0.47651006711409394
56.5 0.5981543624161074
57.5 0.689261744966443
58.5 0.7790268456375838
59.5 0.6640939597315436
60.5 0.8283557046979866
61.5 0.8031879194630872
62.5 0.5775167785234899
63.5 0.7337248322147651
64.5 0.6807046979865772
65.5 0.5325503355704698
66.5 0.44916107382550335
67.5 0.4291946308724832
68.5 0.3511744966442953
69.5 0.311241610738255
70.5 0.29765100671140937
71.5 0.26375838926174494
72.5 0.2238255033557047
73.5 0.19496644295302012
74.5 0.17651006711409395
75.5 0.1568791946308725
76.5 0.12248322147651007
77.5 0.1035234899328859
78.5 0.07718120805369127
79.5 0.06543624161073826
80.5 0.05201342281879195
81.5 0.04211409395973154
82.5 0.032550335570469796
83.5 0.027516778523489934
84.5 0.022818791946308724
85.5 0.01778523489932886
86.5 0.015604026845637584
87.5 0.013926174496644295
88.5 0.012751677852348993
89.5 0.012080536912751677
90.5 0.010738255033557046
91.5 0.009899328859060403
92.5 0.0077181208053691275
93.5 0.007046979865771812
94.5 0.006040268456375839
95.5 0.00587248322147651
96.5 0.0041946308724832215
97.5 0.0020134228187919465
98.5 0.0016778523489932886
99.5 0.001174496644295302
100.5 0.0010067114093959733
101.5 0.0010067114093959733
102.5 6.711409395973154E-4
103.5 5.033557046979866E-4
104.5 3.355704697986577E-4
105.5 3.355704697986577E-4
106.5 5.033557046979866E-4
107.5 5.033557046979866E-4
108.5 6.711409395973154E-4
109.5 8.389261744966443E-4
110.5 0.0010067114093959733
111.5 0.0010067114093959733
112.5 0.0010067114093959733
113.5 0.0010067114093959733
114.5 0.0010067114093959733
115.5 0.001174496644295302
116.5 0.001174496644295302
117.5 0.001174496644295302
118.5 0.0015100671140939597
119.5 0.0015100671140939597
120.5 0.0016778523489932886
121.5 0.0018456375838926174
122.5 0.0020134228187919465
123.5 0.0020134228187919465
124.5 0.002348993288590604
125.5 0.0028523489932885905
126.5 0.003523489932885906
127.5 0.00436241610738255
128.5 0.0050335570469798654
129.5 0.0050335570469798654
130.5 0.0050335570469798654
131.5 0.005201342281879195
132.5 0.0055369127516778525
133.5 0.00587248322147651
134.5 0.00587248322147651
135.5 0.0055369127516778525
136.5 0.005369127516778523
137.5 0.0050335570469798654
138.5 0.0050335570469798654
139.5 0.0050335570469798654
140.5 0.00436241610738255
141.5 0.0031879194630872482
142.5 0.0025167785234899327
143.5 0.0020134228187919465
144.5 0.0020134228187919465
145.5 0.0016778523489932886
146.5 0.0015100671140939597
147.5 0.001174496644295302
148.5 0.001174496644295302
149.5 0.0010067114093959733
150.5 0.0010067114093959733
151.5 6.711409395973154E-4
152.5 3.355704697986577E-4
153.5 1.6778523489932885E-4
159.5 3.355704697986577E-4
160.5 0.0010067114093959733
161.5 0.0016778523489932886
162.5 0.0050335570469798654
163.5 0.006040268456375839
164.5 0.0077181208053691275
165.5 0.011241610738255034
166.5 0.013087248322147652
167.5 0.01476510067114094
168.5 0.017114093959731545
169.5 0.018120805369127517
170.5 0.02214765100671141
171.5 0.026677852348993288
172.5 0.03087248322147651
173.5 0.03607382550335571
174.5 0.04261744966442953
175.5 0.0488255033557047
176.5 0.052684563758389265
177.5 0.06090604026845638
178.5 0.07080536912751678
179.5 0.08171140939597316
180.5 0.09681208053691275
181.5 0.10268456375838926
182.5 0.08741610738255033
183.5 0.09026845637583893
184.5 0.10956375838926175
185.5 0.12315436241610739
186.5 0.13557046979865772
187.5 0.15385906040268457
188.5 0.14949664429530202
189.5 0.1447986577181208
190.5 0.1343959731543624
191.5 0.12046979865771812
192.5 0.10436241610738255
193.5 0.07701342281879195
194.5 0.06694630872483222
195.5 0.06174496644295302
196.5 0.05738255033557047
197.5 0.05151006711409396
198.5 0.046644295302013423
199.5 0.03859060402684564
200.5 0.031375838926174494
201.5 0.026174496644295303
202.5 0.02030201342281879
203.5 0.01778523489932886
204.5 0.015268456375838926
205.5 0.013590604026845638
206.5 0.012583892617449664
207.5 0.012080536912751677
208.5 0.010570469798657719
209.5 0.009395973154362415
210.5 0.007550335570469799
211.5 0.007046979865771812
212.5 0.006711409395973154
213.5 0.006040268456375839
214.5 0.00587248322147651
215.5 0.00587248322147651
216.5 0.00587248322147651
217.5 0.00587248322147651
218.5 0.005704697986577181
219.5 0.0050335570469798654
220.5 0.0050335570469798654
221.5 0.0050335570469798654
222.5 0.004865771812080537
223.5 0.004530201342281879
224.5 0.004697986577181208
225.5 0.004530201342281879
226.5 0.004530201342281879
227.5 0.00436241610738255
228.5 0.00436241610738255
229.5 0.00436241610738255
230.5 0.0041946308724832215
231.5 0.0041946308724832215
232.5 0.0041946308724832215
233.5 0.0041946308724832215
234.5 0.0041946308724832215
235.5 0.003691275167785235
236.5 0.003523489932885906
237.5 0.0031879194630872482
238.5 0.0031879194630872482
239.5 0.0030201342281879194
240.5 0.0030201342281879194
241.5 0.0030201342281879194
242.5 0.0031879194630872482
243.5 0.003523489932885906
244.5 0.00436241610738255
245.5 0.0050335570469798654
246.5 0.005704697986577181
247.5 0.00587248322147651
248.5 0.00587248322147651
249.5 0.006040268456375839
250.5 0.006208053691275168
251.5 0.007046979865771812
252.5 0.007046979865771812
253.5 0.007214765100671141
254.5 0.007550335570469799
255.5 0.0077181208053691275
256.5 0.0077181208053691275
257.5 0.008221476510067114
258.5 0.008389261744966443
259.5 0.008557046979865772
260.5 0.0087248322147651
261.5 0.00889261744966443
262.5 0.00889261744966443
263.5 0.00889261744966443
264.5 0.009395973154362415
265.5 0.009395973154362415
266.5 0.009563758389261745
267.5 0.009731543624161074
268.5 0.009899328859060403
269.5 0.01040268456375839
270.5 0.010738255033557046
271.5 0.011241610738255034
272.5 0.012080536912751677
273.5 0.012248322147651007
274.5 0.012416107382550336
275.5 0.012919463087248322
276.5 0.013590604026845638
277.5 0.015268456375838926
278.5 0.01778523489932886
279.5 0.01879194630872483
280.5 0.022818791946308724
281.5 0.026845637583892617
282.5 0.03053691275167785
283.5 0.0348993288590604
284.5 0.04563758389261745
285.5 0.0634228187919463
286.5 0.09043624161073825
287.5 0.15436241610738255
288.5 0.17197986577181207
289.5 0.18926174496644296
290.5 0.2174496644295302
291.5 0.2442953020134228
292.5 0.32667785234899327
293.5 0.45033557046979866
294.5 0.5552013422818792
295.5 0.5147651006711409
296.5 0.6676174496644295
297.5 0.8531879194630873
298.5 0.9998322147651006
299.5 0.9666107382550335
300.5 0.9196308724832215
301.5 0.8473154362416108
302.5 0.9187919463087248
303.5 0.6384228187919463
304.5 0.5567114093959732
305.5 0.42197986577181207
306.5 0.33489932885906043
307.5 0.28875838926174496
308.5 0.2587248322147651
309.5 0.2332214765100671
310.5 0.19731543624161074
311.5 0.16677852348993288
312.5 0.12080536912751678
313.5 0.09429530201342282
314.5 0.075
315.5 0.06510067114093959
316.5 0.053691275167785234
317.5 0.04429530201342282
318.5 0.03791946308724832
319.5 0.032214765100671144
320.5 0.028187919463087248
321.5 0.024328859060402684
322.5 0.02030201342281879
323.5 0.01778523489932886
324.5 0.015436241610738255
325.5 0.013422818791946308
326.5 0.012248322147651007
327.5 0.009899328859060403
328.5 0.007046979865771812
329.5 0.00587248322147651
330.5 0.0028523489932885905
331.5 0.0016778523489932886
332.5 0.0015100671140939597
333.5 0.0015100671140939597
334.5 0.0015100671140939597
335.5 0.0016778523489932886
336.5 0.0016778523489932886
337.5 0.0018456375838926174
338.5 0.0020134228187919465
339.5 0.0020134228187919465
340.5 0.0020134228187919465
341.5 0.002348993288590604
342.5 0.0025167785234899327
343.5 0.0028523489932885905
344.5 0.0026845637583892616
345.5 0.0025167785234899327
346.5 0.002348993288590604
347.5 0.0020134228187919465
348.5 0.0020134228187919465
349.5 0.0020134228187919465
350.5 0.0018456375838926174
351.5 0.0016778523489932886
352.5 0.0015100671140939597
353.5 0.001174496644295302
354.5 0.001174496644295302
355.5 0.0010067114093959733
356.5 0.0010067114093959733
357.5 3.355704697986577E-4
